Supplemental results for CODEML (seqf: CRISP_subset_PAML_BSM3.phy  treef: CRISP_subtree_PAML_BSM3_labelled.tre)


TREE #  1


MLEs of dN/dS (w) for site classes (K=4)

site class             0        1       2a       2b
proportion       0.41923  0.39255  0.09720  0.09102
background w     0.10359  1.00000  0.10359  1.00000
foreground w     0.10359  1.00000  1.00000  1.00000

Naive Empirical Bayes (NEB) probabilities for 4 classes
(amino acids refer to 1st sequence: Varanus_komodoensis|XM_044418991)

   1 A   0.07969 0.00083 0.91929 0.00019 ( 3)
   2 A   0.02095 0.53684 0.31774 0.12447 ( 2)
   3 W   0.00000 0.81167 0.00014 0.18819 ( 2)
   4 L   0.27209 0.03841 0.68059 0.00891 ( 3)
   5 S   0.00001 0.77113 0.05006 0.17879 ( 2)
   6 T   0.00021 0.01394 0.98262 0.00323 ( 3)
   7 S   0.00041 0.68500 0.15576 0.15882 ( 2)
   8 K   0.59363 0.14926 0.22251 0.03461 ( 1)
   9 T   0.00000 0.81061 0.00145 0.18794 ( 2)
  10 E   0.02598 0.03482 0.93113 0.00807 ( 3)
  11 I   0.99830 0.00000 0.00170 0.00000 ( 1)
  12 L   0.00000 0.81178 0.00000 0.18822 ( 2)
  13 D   0.20486 0.00348 0.79086 0.00081 ( 3)
  14 K   0.00691 0.31729 0.60223 0.07357 ( 3)
  15 F   0.19977 0.15388 0.61067 0.03568 ( 3)
  16 N   0.99970 0.00000 0.00030 0.00000 ( 1)
  17 S   0.00000 0.81158 0.00025 0.18817 ( 2)
  18 I   0.92911 0.01283 0.05508 0.00298 ( 1)
  19 R   0.99525 0.00006 0.00468 0.00001 ( 1)
  20 R   0.98171 0.00001 0.01828 0.00000 ( 1)
  21 S   0.00000 0.81178 0.00000 0.18822 ( 2)
  22 V   0.99387 0.00006 0.00606 0.00001 ( 1)
  23 Q   0.00000 0.81064 0.00141 0.18795 ( 2)
  24 P   0.98608 0.00528 0.00741 0.00122 ( 1)
  25 T   0.00000 0.81178 0.00000 0.18822 ( 2)
  26 A   0.99739 0.00003 0.00257 0.00001 ( 1)
  27 S   0.42993 0.44089 0.02695 0.10222 ( 2)
  28 N   0.99968 0.00000 0.00032 0.00000 ( 1)
  29 M   0.99880 0.00000 0.00120 0.00000 ( 1)
  30 L   0.97129 0.00840 0.01837 0.00195 ( 1)
  31 K   0.99916 0.00000 0.00084 0.00000 ( 1)
  32 M   0.99880 0.00000 0.00120 0.00000 ( 1)
  33 T   0.00256 0.78637 0.02874 0.18233 ( 2)
  34 W   0.99497 0.00001 0.00501 0.00000 ( 1)
  35 N   0.58570 0.11439 0.27339 0.02652 ( 1)
  36 E   0.00000 0.81178 0.00000 0.18822 ( 2)
  37 R   0.00001 0.81138 0.00049 0.18812 ( 2)
  38 A   0.95648 0.03114 0.00516 0.00722 ( 1)
  39 A   0.00001 0.81162 0.00020 0.18818 ( 2)
  40 E   0.56720 0.30314 0.05938 0.07029 ( 1)
  41 T   0.58540 0.02538 0.38333 0.00589 ( 1)
  42 A   0.99780 0.00000 0.00220 0.00000 ( 1)
  43 K   0.11053 0.61641 0.13014 0.14292 ( 2)
  44 N   0.00000 0.81175 0.00004 0.18821 ( 2)
  45 W   0.78662 0.12064 0.06477 0.02797 ( 1)
  46 S   0.20258 0.00800 0.78756 0.00186 ( 3)
  47 R   0.00000 0.81178 0.00000 0.18822 ( 2)
  48 K   0.00000 0.81161 0.00020 0.18818 ( 2)
  49 C   0.99865 0.00000 0.00135 0.00000 ( 1)
  50 R   0.00340 0.01141 0.98254 0.00265 ( 3)
  51 F   0.87432 0.00004 0.12563 0.00001 ( 1)
  52 P   0.15252 0.55852 0.15945 0.12950 ( 2)
  53 R   0.00000 0.81178 0.00000 0.18822 ( 2)
  54 E   0.00000 0.81173 0.00006 0.18821 ( 2)
  55 E   0.00000 0.81178 0.00000 0.18822 ( 2)
  56 R   0.99668 0.00000 0.00331 0.00000 ( 1)
  57 G   0.61059 0.29665 0.02398 0.06878 ( 1)
  58 I   0.00000 0.81178 0.00000 0.18822 ( 2)
  59 L   0.00000 0.81178 0.00000 0.18822 ( 2)
  60 C   0.99883 0.00000 0.00117 0.00000 ( 1)
  61 G   0.99839 0.00000 0.00161 0.00000 ( 1)
  62 E   0.99918 0.00000 0.00082 0.00000 ( 1)
  63 T   0.34885 0.00066 0.65033 0.00015 ( 3)
  64 R   0.00001 0.79236 0.02391 0.18371 ( 2)
  65 L   0.00717 0.79841 0.00930 0.18512 ( 2)
  66 R   0.00000 0.81178 0.00000 0.18822 ( 2)
  67 A   0.00628 0.02708 0.96036 0.00628 ( 3)
  68 T   0.00009 0.80938 0.00287 0.18766 ( 2)
  69 Y   0.00000 0.81178 0.00000 0.18822 ( 2)
  70 P   0.00002 0.81175 0.00002 0.18821 ( 2)
  71 S   0.00000 0.81178 0.00000 0.18822 ( 2)
  72 S   0.00000 0.81178 0.00000 0.18822 ( 2)
  73 W   0.99498 0.00001 0.00501 0.00000 ( 1)
  74 S   0.00000 0.81178 0.00000 0.18822 ( 2)
  75 D   0.00000 0.81174 0.00005 0.18821 ( 2)
  76 V   0.12549 0.69072 0.02364 0.16015 ( 2)
  77 I   0.97464 0.00506 0.01912 0.00117 ( 1)
  78 D   0.00565 0.75031 0.07007 0.17396 ( 2)
  79 T   0.00000 0.81178 0.00000 0.18822 ( 2)
  80 W   0.67717 0.00045 0.32228 0.00010 ( 1)
  81 N   0.00000 0.81104 0.00091 0.18804 ( 2)
  82 Q   0.00012 0.57226 0.29494 0.13268 ( 2)
  83 K   0.00170 0.12825 0.84032 0.02973 ( 3)
  84 A   0.00001 0.81158 0.00024 0.18817 ( 2)
  85 S   0.00000 0.81178 0.00000 0.18822 ( 2)
  86 N   0.14682 0.66827 0.02996 0.15494 ( 2)
  87 F   0.99795 0.00001 0.00204 0.00000 ( 1)
  88 E   0.00016 0.81160 0.00007 0.18817 ( 2)
  89 Y   0.97982 0.00002 0.02015 0.00001 ( 1)
  90 G   0.86213 0.00345 0.13362 0.00080 ( 1)
  91 V   0.00000 0.81178 0.00000 0.18822 ( 2)
  92 G   0.99503 0.00069 0.00412 0.00016 ( 1)
  93 A   0.00000 0.81177 0.00001 0.18821 ( 2)
  94 I   0.00000 0.81178 0.00000 0.18822 ( 2)
  95 N   0.00004 0.81114 0.00076 0.18807 ( 2)
  96 P   0.00000 0.81178 0.00000 0.18822 ( 2)
  97 R   0.00000 0.80441 0.00909 0.18651 ( 2)
  98 K   0.81894 0.14549 0.00184 0.03373 ( 1)
  99 N   0.00000 0.81178 0.00000 0.18822 ( 2)
 100 Y   0.99837 0.00000 0.00162 0.00000 ( 1)
 101 T   0.99784 0.00000 0.00216 0.00000 ( 1)
 102 Q   0.99544 0.00000 0.00455 0.00000 ( 1)
 103 I   0.87089 0.07254 0.03976 0.01682 ( 1)
 104 I   0.16627 0.67235 0.00549 0.15589 ( 2)
 105 W   0.99498 0.00001 0.00501 0.00000 ( 1)
 106 H   0.35688 0.09963 0.52039 0.02310 ( 3)
 107 D   0.00592 0.77888 0.03461 0.18059 ( 2)
 108 S   0.99075 0.00013 0.00909 0.00003 ( 1)
 109 H   0.02683 0.76027 0.03663 0.17627 ( 2)
 110 Q   0.00000 0.81178 0.00000 0.18822 ( 2)
 111 I   0.00006 0.80608 0.00697 0.18689 ( 2)
 112 G   0.99659 0.00001 0.00340 0.00000 ( 1)
 113 C   0.99878 0.00000 0.00122 0.00000 ( 1)
 114 A   0.03537 0.77379 0.01144 0.17941 ( 2)
 115 L   0.00000 0.81178 0.00000 0.18822 ( 2)
 116 V   0.00001 0.81026 0.00187 0.18786 ( 2)
 117 Y   0.00002 0.81175 0.00002 0.18821 ( 2)
 118 C   0.99837 0.00000 0.00163 0.00000 ( 1)
 119 S   0.00000 0.81171 0.00008 0.18820 ( 2)
 120 Y   0.98952 0.00045 0.00993 0.00010 ( 1)
 121 A   0.62323 0.09442 0.26046 0.02189 ( 1)
 122 C   0.99829 0.00000 0.00171 0.00000 ( 1)
 123 I   0.01819 0.65734 0.17207 0.15241 ( 2)
 124 Y   0.97816 0.00006 0.02176 0.00001 ( 1)
 125 C   0.99827 0.00002 0.00171 0.00001 ( 1)
 126 P   0.95472 0.00005 0.04522 0.00001 ( 1)
 127 V   0.00008 0.81125 0.00058 0.18809 ( 2)
 128 G   0.99580 0.00000 0.00419 0.00000 ( 1)
 129 N   0.99473 0.00000 0.00527 0.00000 ( 1)
 130 L   0.00157 0.80313 0.00909 0.18621 ( 2)
 131 A   0.00000 0.81178 0.00000 0.18822 ( 2)
 132 E   0.00168 0.57469 0.29038 0.13325 ( 2)
 133 E   0.00002 0.81138 0.00047 0.18812 ( 2)
 134 V   0.00000 0.81178 0.00001 0.18822 ( 2)
 135 A   0.00000 0.81178 0.00000 0.18822 ( 2)
 136 T   0.03843 0.58781 0.23748 0.13629 ( 2)
 137 P   0.99372 0.00001 0.00626 0.00000 ( 1)
 138 Y   0.99797 0.00003 0.00199 0.00001 ( 1)
 139 K   0.98298 0.00009 0.01691 0.00002 ( 1)
 140 K   0.00001 0.81177 0.00000 0.18821 ( 2)
 141 G   0.99736 0.00000 0.00264 0.00000 ( 1)
 142 P   0.00000 0.81178 0.00001 0.18822 ( 2)
 143 S   0.43603 0.01280 0.54820 0.00297 ( 3)
 144 C   0.99878 0.00000 0.00122 0.00000 ( 1)
 145 G   0.01158 0.74812 0.06685 0.17346 ( 2)
 146 D   0.69692 0.00036 0.30263 0.00008 ( 1)
 147 C   0.99834 0.00000 0.00166 0.00000 ( 1)
 148 P   0.99560 0.00006 0.00433 0.00001 ( 1)
 149 D   0.00000 0.81161 0.00021 0.18818 ( 2)
 150 T   0.00002 0.81081 0.00117 0.18799 ( 2)
 151 C   0.99851 0.00000 0.00149 0.00000 ( 1)
 152 E   0.99934 0.00000 0.00066 0.00000 ( 1)
 153 D   0.97026 0.02136 0.00343 0.00495 ( 1)
 154 K   0.16853 0.67303 0.00239 0.15605 ( 2)
 155 L   0.98980 0.00013 0.01004 0.00003 ( 1)
 156 C   0.99829 0.00000 0.00171 0.00000 ( 1)
 157 C   0.99834 0.00000 0.00166 0.00000 ( 1)
 158 K   0.00168 0.80859 0.00225 0.18748 ( 2)
 159 Y   0.00367 0.80600 0.00346 0.18688 ( 2)
 160 F   0.00000 0.81178 0.00000 0.18822 ( 2)
 161 D   0.99670 0.00058 0.00258 0.00013 ( 1)
 162 D   0.00353 0.00098 0.99527 0.00023 ( 3)
 163 C   0.99860 0.00000 0.00140 0.00000 ( 1)
 164 N   0.00000 0.81178 0.00000 0.18822 ( 2)
 165 L   0.00000 0.81178 0.00000 0.18822 ( 2)
 166 L   0.21286 0.61138 0.03401 0.14175 ( 2)
 167 C   0.99829 0.00000 0.00171 0.00000 ( 1)
 168 K   0.00000 0.81178 0.00000 0.18822 ( 2)
 169 A   0.99733 0.00001 0.00266 0.00000 ( 1)
 170 T   0.17015 0.66949 0.00514 0.15523 ( 2)
 171 C   0.99859 0.00000 0.00141 0.00000 ( 1)
 172 K   0.00198 0.80786 0.00285 0.18731 ( 2)
 173 A   0.83590 0.00003 0.16407 0.00001 ( 1)


lnL = -7442.851969

Bayes Empirical Bayes (BEB) probabilities for 4 classes (class)
(amino acids refer to 1st sequence: Varanus_komodoensis|XM_044418991)

   1 A   0.32542 0.00183 0.67255 0.00020 ( 3)
   2 A   0.11080 0.46946 0.36280 0.05693 ( 2)
   3 W   0.00000 0.77185 0.00151 0.22664 ( 2)
   4 L   0.56442 0.04687 0.38321 0.00549 ( 1)
   5 S   0.00020 0.59974 0.20798 0.19208 ( 2)
   6 T   0.00101 0.01039 0.98645 0.00215 ( 3)
   7 S   0.00329 0.53294 0.33536 0.12841 ( 2)
   8 K   0.88072 0.07691 0.03886 0.00351 ( 1)
   9 T   0.00010 0.83093 0.00810 0.16087 ( 2)
  10 E   0.20185 0.05306 0.74029 0.00481 ( 3)
  11 I   0.99986 0.00000 0.00014 0.00000 ( 1)
  12 L   0.00000 0.91229 0.00001 0.08770 ( 2)
  13 D   0.75951 0.00373 0.23655 0.00020 ( 1)
  14 K   0.05556 0.30035 0.60662 0.03747 ( 3)
  15 F   0.65909 0.10177 0.23239 0.00676 ( 1)
  16 N   0.99998 0.00000 0.00002 0.00000 ( 1)
  17 S   0.00000 0.67511 0.00596 0.31894 ( 2)
  18 I   0.98116 0.00907 0.00936 0.00041 ( 1)
  19 R   0.99922 0.00009 0.00069 0.00000 ( 1)
  20 R   0.99820 0.00001 0.00179 0.00000 ( 1)
  21 S   0.00000 0.61635 0.00014 0.38351 ( 2)
  22 V   0.99907 0.00009 0.00083 0.00000 ( 1)
  23 Q   0.00000 0.61158 0.02334 0.36508 ( 2)
  24 P   0.99509 0.00372 0.00108 0.00010 ( 1)
  25 T   0.00000 0.80762 0.00000 0.19238 ( 2)
  26 A   0.99969 0.00004 0.00027 0.00000 ( 1)
  27 S   0.85552 0.13734 0.00375 0.00340 ( 1)
  28 N   0.99998 0.00000 0.00002 0.00000 ( 1)
  29 M   0.99992 0.00000 0.00008 0.00000 ( 1)
  30 L   0.98798 0.00743 0.00425 0.00034 ( 1)
  31 K   0.99993 0.00000 0.00006 0.00000 ( 1)
  32 M   0.99992 0.00000 0.00008 0.00000 ( 1)
  33 T   0.03653 0.80210 0.07987 0.08150 ( 2)
  34 W   0.99938 0.00002 0.00060 0.00000 ( 1)
  35 N   0.92056 0.03399 0.04351 0.00195 ( 1)
  36 E   0.00000 0.93897 0.00000 0.06103 ( 2)
  37 R   0.00022 0.89194 0.00196 0.10587 ( 2)
  38 A   0.98614 0.01279 0.00080 0.00027 ( 1)
  39 A   0.00020 0.90588 0.00072 0.09320 ( 2)
  40 E   0.88418 0.10214 0.00964 0.00404 ( 1)
  41 T   0.92718 0.01063 0.06165 0.00054 ( 1)
  42 A   0.99977 0.00000 0.00022 0.00000 ( 1)
  43 K   0.50203 0.41005 0.06269 0.02522 ( 1)
  44 N   0.00004 0.91907 0.00019 0.08070 ( 2)
  45 W   0.93496 0.05074 0.01229 0.00201 ( 1)
  46 S   0.58622 0.00900 0.40429 0.00048 ( 1)
  47 R   0.00000 0.79257 0.00001 0.20742 ( 2)
  48 K   0.00013 0.87035 0.00166 0.12787 ( 2)
  49 C   0.99988 0.00000 0.00012 0.00000 ( 1)
  50 R   0.03144 0.01551 0.95117 0.00188 ( 3)
  51 F   0.98413 0.00003 0.01583 0.00000 ( 1)
  52 P   0.47895 0.40390 0.09102 0.02614 ( 1)
  53 R   0.00000 0.70112 0.00000 0.29888 ( 2)
  54 E   0.00001 0.84607 0.00050 0.15342 ( 2)
  55 E   0.00000 0.90532 0.00002 0.09466 ( 2)
  56 R   0.99956 0.00000 0.00044 0.00000 ( 1)
  57 G   0.88033 0.11103 0.00458 0.00405 ( 1)
  58 I   0.00000 0.84888 0.00000 0.15112 ( 2)
  59 L   0.00000 0.75776 0.00000 0.24224 ( 2)
  60 C   0.99991 0.00000 0.00009 0.00000 ( 1)
  61 G   0.99984 0.00000 0.00016 0.00000 ( 1)
  62 E   0.99994 0.00000 0.00006 0.00000 ( 1)
  63 T   0.82308 0.00059 0.17630 0.00004 ( 1)
  64 R   0.00015 0.68554 0.09356 0.22075 ( 2)
  65 L   0.06788 0.85241 0.01709 0.06263 ( 2)
  66 R   0.00000 0.81798 0.00000 0.18202 ( 2)
  67 A   0.02657 0.03444 0.93247 0.00652 ( 3)
  68 T   0.00252 0.91571 0.00828 0.07349 ( 2)
  69 Y   0.00000 0.70887 0.00000 0.29113 ( 2)
  70 P   0.00051 0.92931 0.00009 0.07009 ( 2)
  71 S   0.00000 0.74649 0.00000 0.25351 ( 2)
  72 S   0.00000 0.72758 0.00000 0.27241 ( 2)
  73 W   0.99939 0.00001 0.00060 0.00000 ( 1)
  74 S   0.00000 0.88989 0.00000 0.11011 ( 2)
  75 D   0.00005 0.87881 0.00087 0.12027 ( 2)
  76 V   0.48917 0.47817 0.01253 0.02012 ( 1)
  77 I   0.99587 0.00224 0.00183 0.00005 ( 1)
  78 D   0.06095 0.74051 0.12710 0.07144 ( 2)
  79 T   0.00000 0.91839 0.00000 0.08161 ( 2)
  80 W   0.94217 0.00049 0.05731 0.00002 ( 1)
  81 N   0.00002 0.80742 0.00823 0.18433 ( 2)
  82 Q   0.00290 0.42502 0.51145 0.06063 ( 3)
  83 K   0.01569 0.10908 0.86051 0.01472 ( 3)
  84 A   0.00016 0.89295 0.00157 0.10532 ( 2)
  85 S   0.00000 0.87678 0.00001 0.12321 ( 2)
  86 N   0.57365 0.39413 0.01509 0.01712 ( 1)
  87 F   0.99982 0.00001 0.00018 0.00000 ( 1)
  88 E   0.00396 0.95366 0.00018 0.04221 ( 2)
  89 Y   0.99766 0.00002 0.00231 0.00000 ( 1)
  90 G   0.98246 0.00177 0.01570 0.00007 ( 1)
  91 V   0.00000 0.89651 0.00000 0.10349 ( 2)
  92 G   0.99891 0.00054 0.00054 0.00001 ( 1)
  93 A   0.00007 0.91058 0.00010 0.08925 ( 2)
  94 I   0.00000 0.91852 0.00000 0.08148 ( 2)
  95 N   0.00078 0.86429 0.00318 0.13175 ( 2)
  96 P   0.00000 0.93936 0.00000 0.06064 ( 2)
  97 R   0.00001 0.63259 0.08847 0.27893 ( 2)
  98 K   0.95214 0.04677 0.00025 0.00085 ( 1)
  99 N   0.00003 0.93797 0.00003 0.06196 ( 2)
 100 Y   0.99984 0.00001 0.00016 0.00000 ( 1)
 101 T   0.99979 0.00000 0.00021 0.00000 ( 1)
 102 Q   0.99945 0.00001 0.00054 0.00000 ( 1)
 103 I   0.96251 0.02944 0.00689 0.00115 ( 1)
 104 I   0.62903 0.35947 0.00238 0.00911 ( 1)
 105 W   0.99939 0.00001 0.00060 0.00000 ( 1)
 106 H   0.82776 0.05042 0.11913 0.00269 ( 1)
 107 D   0.08214 0.81995 0.03972 0.05819 ( 2)
 108 S   0.99832 0.00015 0.00152 0.00000 ( 1)
 109 H   0.24118 0.68775 0.03314 0.03792 ( 2)
 110 Q   0.00000 0.88655 0.00000 0.11345 ( 2)
 111 I   0.00127 0.85479 0.02768 0.11625 ( 2)
 112 G   0.99955 0.00002 0.00043 0.00000 ( 1)
 113 C   0.99990 0.00000 0.00010 0.00000 ( 1)
 114 A   0.25125 0.70426 0.01026 0.03424 ( 2)
 115 L   0.00014 0.94322 0.00002 0.05662 ( 2)
 116 V   0.00019 0.83659 0.01013 0.15309 ( 2)
 117 Y   0.00049 0.94332 0.00027 0.05593 ( 2)
 118 C   0.99986 0.00000 0.00014 0.00000 ( 1)
 119 S   0.00000 0.76496 0.00105 0.23399 ( 2)
 120 Y   0.99821 0.00029 0.00149 0.00001 ( 1)
 121 A   0.90671 0.03853 0.05273 0.00203 ( 1)
 122 C   0.99985 0.00000 0.00015 0.00000 ( 1)
 123 I   0.15642 0.62737 0.16757 0.04864 ( 2)
 124 Y   0.99747 0.00006 0.00247 0.00000 ( 1)
 125 C   0.99983 0.00002 0.00015 0.00000 ( 1)
 126 P   0.99413 0.00006 0.00581 0.00000 ( 1)
 127 V   0.00150 0.90885 0.00223 0.08742 ( 2)
 128 G   0.99945 0.00001 0.00054 0.00000 ( 1)
 129 N   0.99961 0.00000 0.00039 0.00000 ( 1)
 130 L   0.02120 0.88882 0.01678 0.07321 ( 2)
 131 A   0.00000 0.65010 0.00000 0.34990 ( 2)
 132 E   0.01802 0.50867 0.40688 0.06643 ( 2)
 133 E   0.00041 0.91982 0.00133 0.07844 ( 2)
 134 V   0.00002 0.86609 0.00015 0.13374 ( 2)
 135 A   0.00000 0.83751 0.00000 0.16249 ( 2)
 136 T   0.21487 0.53791 0.19958 0.04764 ( 2)
 137 P   0.99914 0.00002 0.00084 0.00000 ( 1)
 138 Y   0.99976 0.00003 0.00020 0.00000 ( 1)
 139 K   0.99771 0.00007 0.00222 0.00000 ( 1)
 140 K   0.00054 0.96032 0.00002 0.03912 ( 2)
 141 G   0.99969 0.00000 0.00031 0.00000 ( 1)
 142 P   0.00000 0.86502 0.00005 0.13493 ( 2)
 143 S   0.79024 0.01154 0.19728 0.00095 ( 1)
 144 C   0.99990 0.00000 0.00010 0.00000 ( 1)
 145 G   0.09555 0.74594 0.08868 0.06983 ( 2)
 146 D   0.96453 0.00021 0.03525 0.00001 ( 1)
 147 C   0.99985 0.00000 0.00015 0.00000 ( 1)
 148 P   0.99944 0.00006 0.00049 0.00000 ( 1)
 149 D   0.00000 0.61230 0.00461 0.38309 ( 2)
 150 T   0.00056 0.86822 0.00946 0.12176 ( 2)
 151 C   0.99986 0.00000 0.00014 0.00000 ( 1)
 152 E   0.99995 0.00000 0.00005 0.00000 ( 1)
 153 D   0.99454 0.00507 0.00029 0.00011 ( 1)
 154 K   0.62614 0.36324 0.00122 0.00941 ( 1)
 155 L   0.99816 0.00018 0.00166 0.00001 ( 1)
 156 C   0.99985 0.00000 0.00015 0.00000 ( 1)
 157 C   0.99984 0.00000 0.00016 0.00000 ( 1)
 158 K   0.02800 0.91704 0.00372 0.05124 ( 2)
 159 Y   0.05376 0.89411 0.00564 0.04648 ( 2)
 160 F   0.00000 0.81863 0.00000 0.18137 ( 2)
 161 D   0.99955 0.00025 0.00020 0.00001 ( 1)
 162 D   0.02618 0.00129 0.97238 0.00016 ( 3)
 163 C   0.99988 0.00000 0.00012 0.00000 ( 1)
 164 N   0.00000 0.81383 0.00000 0.18617 ( 2)
 165 L   0.00000 0.75575 0.00004 0.24421 ( 2)
 166 L   0.51362 0.44114 0.01766 0.02758 ( 1)
 167 C   0.99985 0.00000 0.00015 0.00000 ( 1)
 168 K   0.00000 0.76359 0.00000 0.23641 ( 2)
 169 A   0.99970 0.00002 0.00029 0.00000 ( 1)
 170 T   0.57380 0.41119 0.00216 0.01286 ( 1)
 171 C   0.99988 0.00000 0.00012 0.00000 ( 1)
 172 K   0.02671 0.91506 0.00419 0.05404 ( 2)
 173 A   0.98008 0.00003 0.01989 0.00000 ( 1)

Ancestral reconstruction by CODONML.

((((((Gekko_japonicus|XM_015422559: 1.096355, ((Lacerta_agilis|XM_033158671: 0.122101, Lacerta_agilis|XM_033145639: 0.070798): 0.161036, Podarcis_muralis|XM_028721930: 0.235124): 0.478129): 0.327661, Gekko_japonicus|XM_015422558: 1.130505): 0.085848, (Gekko_japonicus|XM_015422562: 0.699522, (((Zootoca_vivipara|XM_035110635: 0.092629, (Lacerta_agilis|XM_033145345: 0.035431, Lacerta_agilis|XM_033145636: 0.011909): 0.085605): 0.223268, (Lacerta_agilis|XM_033145635: 0.000004, (Lacerta_agilis|XM_033145348: 0.038707, Zootoca_vivipara|XM_035110636: 0.348491): 0.089771): 0.445519): 0.096982, (Lacerta_agilis|XM_033145347: 0.105244, Zootoca_vivipara|XM_035110431: 0.071841): 0.061524): 0.602561): 0.099664): 0.000004, Varanus_komodoensis|XM_044454617: 0.710607): 0.000004, (Heloderma_suspectum|EU790958: 0.371752, Varanus_komodoensis|XM_044454310: 0.670663): 0.647453): 0.597664, (((((Gekko_japonicus|XM_015411239: 0.820272, Zootoca_vivipara|XM_035110872: 0.907888): 0.062548, Varanus_komodoensis|XM_044418997: 1.175104): 0.057061, Varanus_komodoensis|XM_044418996: 0.945268): 0.000004, Varanus_komodoensis|XM_044418998: 0.907699): 0.030891, Varanus_komodoensis|XM_044418991: 0.832601): 0.619359): 0.144654;

((((((7, ((11, 10), 12)), 14), (13, (((17, (15, 16)), (21, (20, 22))), (18, 19)))), 23), (8, 9)), (((((4, 5), 6), 2), 3), 1));

  24..25   25..26   26..27   27..28   28..29   29..7    29..30   30..31   31..11   31..10   30..12   28..14   27..32   32..13   32..33   33..34   34..35   35..17   35..36   36..15   36..16   34..37   37..21   37..38   38..20   38..22   33..39   39..18   39..19   26..23   25..40   40..8    40..9    24..41   41..42   42..43   43..44   44..45   45..4    45..5    44..6    43..2    42..3    41..1  

tree with node labels for Rod Page's TreeView
((((((7_Gekko_japonicus|XM_015422559, ((11_Lacerta_agilis|XM_033158671, 10_Lacerta_agilis|XM_033145639) 31 , 12_Podarcis_muralis|XM_028721930) 30 ) 29 , 14_Gekko_japonicus|XM_015422558) 28 , (13_Gekko_japonicus|XM_015422562, (((17_Zootoca_vivipara|XM_035110635, (15_Lacerta_agilis|XM_033145345, 16_Lacerta_agilis|XM_033145636) 36 ) 35 , (21_Lacerta_agilis|XM_033145635, (20_Lacerta_agilis|XM_033145348, 22_Zootoca_vivipara|XM_035110636) 38 ) 37 ) 34 , (18_Lacerta_agilis|XM_033145347, 19_Zootoca_vivipara|XM_035110431) 39 ) 33 ) 32 ) 27 , 23_Varanus_komodoensis|XM_044454617) 26 , (8_Heloderma_suspectum|EU790958, 9_Varanus_komodoensis|XM_044454310) 40 ) 25 , (((((4_Gekko_japonicus|XM_015411239, 5_Zootoca_vivipara|XM_035110872) 45 , 6_Varanus_komodoensis|XM_044418997) 44 , 2_Varanus_komodoensis|XM_044418996) 43 , 3_Varanus_komodoensis|XM_044418998) 42 , 1_Varanus_komodoensis|XM_044418991) 41 ) 24 ;

Nodes 24 to 45 are ancestral
Unreliable at sites with alignment gaps

(1) Marginal reconstruction of ancestral sequences
(eqn. 4 in Yang et al. 1995 Genetics 141:1641-1650).

Prob of best state at each node, listed by site

   site   Freq   Data: 

   1      1   GCG (A) TCC (S) AAG (K) --- (-) GCT (A) --- (-) GCT (A) GCT (A) GCT (A) GCT (A) --- (-) --- (-) GCT (A) GCC (A) GCT (A) GCT (A) GCT (A) GCT (A) --- (-) --- (-) GCT (A) GCT (A) GCT (A) :  GCT A 0.627 (A 0.999) GCT A 0.998 (A 1.000) GCT A 0.998 (A 1.000) GCT A 0.998 (A 1.000) GCT A 0.985 (A 1.000) GCT A 0.985 (A 1.000) GCT A 0.981 (A 1.000) GCT A 0.993 (A 1.000) GCT A 0.998 (A 1.000) GCT A 1.000 (A 1.000) GCT A 1.000 (A 1.000) GCT A 1.000 (A 1.000) GCT A 1.000 (A 1.000) GCT A 1.000 (A 1.000) GCT A 0.996 (A 1.000) GCT A 0.999 (A 1.000) GCT A 0.994 (A 0.999) GCG A 0.467 (A 0.999) GCG A 0.461 (A 0.999) GCG A 0.461 (A 0.999) GCG A 0.430 (A 0.999) GCT A 0.412 (A 0.999)
   2      1   GCC (A) AAG (K) GAG (E) --- (-) GCT (A) --- (-) ACC (T) GCA (A) GCA (A) GCG (A) --- (-) --- (-) GCC (A) GTT (V) GCT (A) GCT (A) GCT (A) GCT (A) --- (-) --- (-) GCT (A) GTT (V) GCT (A) :  GCT A 0.462 (A 0.847) GCT A 0.819 (A 0.999) GCT A 0.819 (A 0.999) GCT A 0.819 (A 0.999) GCT A 0.792 (A 0.988) GCT A 0.465 (A 0.953) GCG A 0.694 (A 0.972) GCG A 0.900 (A 0.991) GCT A 0.807 (A 0.998) GCT A 0.997 (A 0.999) GCT A 0.999 (A 0.999) GCT A 1.000 (A 1.000) GCT A 1.000 (A 1.000) GCT A 1.000 (A 1.000) GCT A 0.780 (A 0.782) GCT A 0.996 (A 0.999) GCA A 0.936 (A 0.996) GCG A 0.306 (A 0.815) GCG A 0.321 (A 0.792) GCG A 0.321 (A 0.792) GCG A 0.302 (A 0.794) GCT A 0.325 (A 0.798)
   3      1   TGG (W) GTG (V) CTG (L) --- (-) GTG (V) --- (-) GAG (E) ATG (M) ATC (I) GTG (V) --- (-) --- (-) GCG (A) GGA (G) GTG (V) GTG (V) GTG (V) CTT (L) --- (-) --- (-) CTT (L) CTT (L) CTG (L) :  GTG V 0.766 (V 0.784) GTG V 0.856 (V 0.857) GTG V 0.856 (V 0.857) GTG V 0.856 (V 0.857) GTG V 0.912 (V 0.919) GTG V 0.930 (V 0.936) GTG V 0.957 (V 0.965) GTG V 0.984 (V 0.988) GTG V 0.823 (V 0.838) CTT L 0.540 (L 0.712) CTT L 0.525 (L 0.699) GTG V 0.994 (V 0.998) GTG V 1.000 (V 1.000) CTT L 1.000 (L 1.000) CTT L 0.997 (L 0.997) CTT L 0.688 (L 0.810) ATG M 0.903 (M 0.903) GTG V 0.797 (V 0.797) GTG V 0.811 (V 0.811) GTG V 0.811 (V 0.811) GTG V 0.811 (V 0.814) GTG V 0.812 (V 0.817)
   4      1   CTC (L) GCA (A) CTT (L) --- (-) CTG (L) --- (-) TTG (L) TTG (L) TTA (L) CTG (L) --- (-) --- (-) CTG (L) CTC (L) TTG (L) TTA (L) TTA (L) CTG (L) --- (-) --- (-) CTG (L) CTG (L) CTG (L) :  CTG L 0.836 (L 0.999) CTG L 1.000 (L 1.000) CTG L 1.000 (L 1.000) CTG L 1.000 (L 1.000) CTG L 0.997 (L 1.000) CTG L 0.976 (L 1.000) CTG L 0.988 (L 1.000) CTG L 0.996 (L 1.000) CTG L 1.000 (L 1.000) CTG L 0.996 (L 1.000) CTG L 0.962 (L 1.000) TTA L 0.842 (L 1.000) TTA L 0.848 (L 1.000) CTG L 1.000 (L 1.000) CTG L 0.999 (L 1.000) CTG L 0.997 (L 1.000) TTG L 0.918 (L 0.999) CTG L 0.712 (L 1.000) CTG L 0.711 (L 1.000) CTG L 0.711 (L 1.000) CTG L 0.724 (L 1.000) CTG L 0.738 (L 1.000)
   5      1   TCC (S) GAA (E) CAA (Q) --- (-) CAA (Q) --- (-) CAC (H) CAC (H) TGT (C) CAT (H) --- (-) --- (-) CGA (R) CAT (H) CAA (Q) CAA (Q) CAA (Q) GAA (E) --- (-) --- (-) CAA (Q) CAA (Q) CAA (Q) :  CAA Q 0.893 (Q 0.913) CAA Q 0.972 (Q 0.974) CAA Q 0.972 (Q 0.974) CAA Q 0.972 (Q 0.974) CAA Q 0.718 (Q 0.732) CAA Q 0.403 (H 0.550) CAT H 0.738 (H 0.810) CAT H 0.911 (H 0.936) CAA Q 0.968 (Q 0.970) CAA Q 0.957 (Q 0.958) CAA Q 0.995 (Q 0.995) CAA Q 1.000 (Q 1.000) CAA Q 1.000 (Q 1.000) CAA Q 1.000 (Q 1.000) CAA Q 0.994 (Q 0.996) CAA Q 0.608 (Q 0.609) CAC H 0.496 (H 0.766) CAA Q 0.941 (Q 0.945) CAA Q 0.965 (Q 0.968) CAA Q 0.965 (Q 0.968) CAA Q 0.957 (Q 0.962) CAA Q 0.950 (Q 0.957)
   6      1   ACT (T) GAG (E) GAT (D) --- (-) CAG (Q) --- (-) CAG (Q) CAA (Q) CAA (Q) CAA (Q) --- (-) --- (-) CAA (Q) CAG (Q) CAA (Q) CAA (Q) CAA (Q) CAG (Q) --- (-) --- (-) CAG (Q) CAG (Q) CCA (P) :  CAA Q 0.521 (Q 0.974) CAA Q 0.861 (Q 1.000) CAA Q 0.861 (Q 1.000) CAA Q 0.861 (Q 1.000) CAA Q 0.814 (Q 1.000) CAA Q 0.794 (Q 1.000) CAA Q 0.929 (Q 0.999) CAA Q 0.978 (Q 1.000) CAA Q 0.850 (Q 1.000) CAG Q 0.728 (Q 1.000) CAG Q 0.706 (Q 1.000) CAA Q 0.995 (Q 1.000) CAA Q 1.000 (Q 1.000) CAG Q 1.000 (Q 1.000) CAG Q 0.999 (Q 1.000) CAG Q 0.828 (Q 1.000) CAA Q 0.989 (Q 1.000) CAG Q 0.773 (Q 0.954) CAG Q 0.792 (Q 0.955) CAG Q 0.792 (Q 0.955) CAG Q 0.801 (Q 0.957) CAG Q 0.811 (Q 0.959)
   7      1   TCC (S) AAC (N) CAA (Q) --- (-) TCC (S) --- (-) TAT (Y) TCA (S) TCA (S) TCT (S) --- (-) --- (-) TCC (S) TGT (C) CCT (P) CCT (P) CCT (P) CCA (P) --- (-) --- (-) CCT (P) CCT (P) TCT (S) :  TCT S 0.390 (S 0.814) TCT S 0.954 (S 0.999) TCT S 0.954 (S 0.999) TCT S 0.954 (S 0.999) TCT S 0.945 (S 0.972) TCT S 0.918 (S 0.933) TCT S 0.943 (S 0.958) TCT S 0.979 (S 0.985) TCT S 0.903 (S 0.976) CCT P 0.914 (P 0.995) CCT P 0.991 (P 0.999) CCT P 1.000 (P 1.000) CCT P 1.000 (P 1.000) CCT P 1.000 (P 1.000) CCT P 0.996 (P 0.997) CCT P 0.571 (P 0.996) TCA S 0.960 (S 0.998) TCC S 0.722 (S 0.761) TCC S 0.692 (S 0.728) TCC S 0.692 (S 0.728) TCC S 0.697 (S 0.734) TCC S 0.703 (S 0.742)
   8      1   AAG (K) CAG (Q) CAG (Q) --- (-) CAG (Q) AAG (K) CAG (Q) CAA (Q) CAA (Q) AAA (K) --- (-) --- (-) CAG (Q) CAG (Q) CGA (R) CGA (R) CGA (R) CAA (Q) --- (-) CGA (R) CGA (R) CGA (R) CAG (Q) :  CAG Q 0.951 (Q 0.991) CAG Q 0.949 (Q 1.000) CAG Q 0.949 (Q 1.000) CAG Q 0.949 (Q 1.000) CAG Q 0.948 (Q 0.999) CAG Q 0.866 (Q 0.983) AAA K 0.463 (K 0.678) AAA K 0.811 (K 0.901) CAG Q 0.929 (Q 0.999) CAA Q 0.954 (Q 0.959) CGA R 0.964 (R 0.965) CGA R 1.000 (R 1.000) CGA R 1.000 (R 1.000) CGA R 1.000 (R 1.000) CGA R 1.000 (R 1.000) CAA Q 0.970 (Q 0.974) CAA Q 0.936 (Q 0.999) CAG Q 0.997 (Q 0.998) CAG Q 0.999 (Q 0.999) CAG Q 0.999 (Q 0.999) CAG Q 0.997 (Q 0.998) CAG Q 0.994 (Q 0.997)
   9      1   ACA (T) AAG (K) GAG (E) --- (-) GTG (V) GAA (E) AAT (N) ACG (T) AAT (N) AAG (K) --- (-) --- (-) CAG (Q) AAG (K) AAT (N) AAG (K) AAG (K) AAG (K) --- (-) CAG (Q) CAG (Q) CAG (Q) CAG (Q) :  AAG K 0.593 (K 0.653) AAG K 0.919 (K 0.919) AAG K 0.919 (K 0.919) AAG K 0.919 (K 0.919) AAG K 0.934 (K 0.938) AAG K 0.893 (K 0.917) AAG K 0.917 (K 0.937) AAG K 0.969 (K 0.977) AAG K 0.889 (K 0.890) AAG K 0.972 (K 0.972) AAG K 0.961 (K 0.962) AAG K 0.999 (K 0.999) AAG K 0.995 (K 0.995) CAG Q 1.000 (Q 1.000) CAG Q 1.000 (Q 1.000) AAG K 0.979 (K 0.980) AAG K 0.703 (K 0.717) AAG K 0.490 (K 0.556) AAG K 0.466 (K 0.518) AAG K 0.466 (K 0.518) GAG E 0.472 (E 0.531) GAG E 0.457 (E 0.513)
  10      1   GAG (E) ATT (I) GAA (E) --- (-) GAA (E) GAC (D) GAG (E) GAG (E) GAG (E) GAG (E) --- (-) --- (-) GAA (E) GAA (E) CAG (Q) CAG (Q) CAG (Q) CAA (Q) --- (-) GAA (E) GAA (E) GAA (E) CAG (Q) :  GAG E 0.590 (E 0.987) GAG E 0.765 (E 0.998) GAG E 0.765 (E 0.998) GAG E 0.765 (E 0.998) GAG E 0.767 (E 0.998) GAG E 0.890 (E 0.998) GAG E 0.949 (E 0.997) GAG E 0.983 (E 0.999) GAA E 0.510 (E 0.994) CAA Q 0.756 (Q 0.908) CAA Q 0.720 (Q 0.907) CAG Q 0.995 (Q 1.000) CAG Q 1.000 (Q 1.000) GAA E 1.000 (E 1.000) GAA E 1.000 (E 1.000) CAA Q 0.842 (Q 0.940) GAG E 0.969 (E 0.997) GAA E 0.549 (E 0.992) GAA E 0.588 (E 0.992) GAA E 0.588 (E 0.992) GAA E 0.606 (E 0.991) GAA E 0.628 (E 0.990)
  11      1   ATT (I) ATT (I) ATT (I) --- (-) ATT (I) ATT (I) ATC (I) ATC (I) ATC (I) ATT (I) --- (-) --- (-) ATT (I) ATT (I) ATA (I) ATT (I) ATT (I) ATT (I) --- (-) ATT (I) ATT (I) ATT (I) ATT (I) :  ATT I 0.978 (I 0.999) ATT I 0.998 (I 1.000) ATT I 0.998 (I 1.000) ATT I 0.998 (I 1.000) ATT I 0.995 (I 1.000) ATT I 0.951 (I 1.000) ATT I 0.978 (I 1.000) ATT I 0.993 (I 1.000) ATT I 0.999 (I 1.000) ATT I 1.000 (I 1.000) ATT I 1.000 (I 1.000) ATT I 1.000 (I 1.000) ATT I 0.996 (I 1.000) ATT I 1.000 (I 1.000) ATT I 1.000 (I 1.000) ATT I 1.000 (I 1.000) ATC I 0.940 (I 1.000) ATT I 1.000 (I 1.000) ATT I 1.000 (I 1.000) ATT I 1.000 (I 1.000) ATT I 0.999 (I 1.000) ATT I 0.996 (I 1.000)
  12      1   CTT (L) ATT (I) CTT (L) --- (-) GTT (V) GTT (V) TGT (C) ACT (T) ATT (I) GTG (V) --- (-) --- (-) ACT (T) GTT (V) GTT (V) CTT (L) GTT (V) CTT (L) --- (-) CTG (L) CTG (L) CTT (L) GTT (V) :  GTT V 0.404 (V 0.417) GTT V 0.662 (V 0.662) GTT V 0.662 (V 0.662) GTT V 0.662 (V 0.662) GTT V 0.725 (V 0.729) GTT V 0.663 (V 0.736) GTG V 0.607 (V 0.899) GTG V 0.868 (V 0.968) GTT V 0.533 (V 0.533) CTT L 0.953 (L 0.954) CTT L 0.946 (L 0.951) CTT L 0.663 (L 0.663) CTT L 0.674 (L 0.674) CTG L 1.000 (L 1.000) CTG L 0.999 (L 1.000) CTT L 0.970 (L 0.970) ATT I 0.728 (I 0.729) CTT L 0.630 (L 0.630) CTT L 0.625 (L 0.625) CTT L 0.625 (L 0.625) CTT L 0.513 (L 0.513) CTT L 0.477 (L 0.478)
  13      1   GAC (D) GAG (E) GAG (E) --- (-) GAA (E) CAT (H) GAC (D) GAC (D) AAC (N) GAC (D) --- (-) --- (-) GAA (E) GAC (D) GAC (D) GAC (D) GAC (D) GAC (D) --- (-) GAC (D) GAC (D) GAC (D) GAC (D) :  GAC D 0.575 (D 0.704) GAC D 0.997 (D 1.000) GAC D 0.997 (D 1.000) GAC D 0.997 (D 1.000) GAC D 0.993 (D 1.000) GAC D 0.980 (D 1.000) GAC D 0.973 (D 0.999) GAC D 0.990 (D 1.000) GAC D 0.983 (D 0.997) GAC D 0.999 (D 1.000) GAC D 0.999 (D 1.000) GAC D 1.000 (D 1.000) GAC D 1.000 (D 1.000) GAC D 1.000 (D 1.000) GAC D 1.000 (D 1.000) GAC D 0.998 (D 1.000) GAC D 0.971 (D 0.981) GAG E 0.469 (E 0.592) GAG E 0.557 (E 0.696) GAG E 0.557 (E 0.696) GAG E 0.525 (E 0.703) GAG E 0.495 (E 0.722)
  14      1   AAA (K) AAG (K) GCA (A) --- (-) CAA (Q) TTC (F) AAA (K) AAG (K) AAG (K) ACA (T) ACT (T) --- (-) AGG (R) AAG (K) AAG (K) AAG (K) AAG (K) AAG (K) --- (-) AAG (K) AAG (K) AAG (K) AAG (K) :  AAG K 0.511 (K 0.899) AAG K 0.987 (K 0.998) AAG K 0.987 (K 0.998) AAG K 0.987 (K 0.998) AAG K 0.933 (K 0.992) AAA K 0.553 (K 0.914) ACA T 0.585 (T 0.731) ACA T 0.856 (T 0.999) AAG K 0.977 (K 0.985) AAG K 0.999 (K 0.999) AAG K 0.999 (K 1.000) AAG K 1.000 (K 1.000) AAG K 1.000 (K 1.000) AAG K 1.000 (K 1.000) AAG K 1.000 (K 1.000) AAG K 0.998 (K 0.999) AAG K 0.989 (K 0.995) AAA K 0.781 (K 0.912) AAA K 0.778 (K 0.904) AAA K 0.778 (K 0.904) AAA K 0.726 (K 0.837) AAA K 0.676 (K 0.775)
  15      1   TTT (F) CAC (H) CTG (L) --- (-) ATC (I) CAC (H) CAC (H) CAC (H) CAC (H) CAC (H) CAA (Q) --- (-) CAC (H) CAC (H) CAC (H) CAC (H) CAC (H) CAC (H) --- (-) CAC (H) CAC (H) CAC (H) CAC (H) :  CAC H 0.619 (H 0.641) CAC H 1.000 (H 1.000) CAC H 1.000 (H 1.000) CAC H 1.000 (H 1.000) CAC H 0.999 (H 0.999) CAC H 0.991 (H 0.995) CAC H 0.973 (H 0.981) CAC H 0.978 (H 0.981) CAC H 0.999 (H 1.000) CAC H 1.000 (H 1.000) CAC H 1.000 (H 1.000) CAC H 1.000 (H 1.000) CAC H 1.000 (H 1.000) CAC H 1.000 (H 1.000) CAC H 1.000 (H 1.000) CAC H 0.999 (H 1.000) CAC H 0.996 (H 0.998) CTC L 0.644 (L 0.658) CTC L 0.653 (L 0.662) CTC L 0.653 (L 0.662) CTC L 0.650 (L 0.657) CTC L 0.616 (L 0.624)
  16      1   AAT (N) AAC (N) AAT (N) --- (-) AAT (N) AAT (N) AAT (N) AAT (N) AAT (N) AAT (N) AAG (K) --- (-) AAT (N) AAT (N) AAT (N) AAT (N) AAT (N) AAT (N) --- (-) AAT (N) AAT (N) AAT (N) AAT (N) :  AAT N 0.937 (N 0.998) AAT N 1.000 (N 1.000) AAT N 1.000 (N 1.000) AAT N 1.000 (N 1.000) AAT N 0.996 (N 1.000) AAT N 0.984 (N 1.000) AAT N 0.969 (N 0.990) AAT N 0.980 (N 0.988) AAT N 0.997 (N 1.000) AAT N 0.999 (N 1.000) AAT N 0.999 (N 1.000) AAT N 1.000 (N 1.000) AAT N 1.000 (N 1.000) AAT N 1.000 (N 1.000) AAT N 1.000 (N 1.000) AAT N 0.998 (N 1.000) AAT N 0.992 (N 1.000) AAT N 0.977 (N 1.000) AAT N 0.976 (N 1.000) AAT N 0.976 (N 1.000) AAT N 0.976 (N 1.000) AAT N 0.970 (N 1.000)
  17      1   AGC (S) CTA (L) TCC (S) --- (-) GAA (E) ATG (M) GCT (A) AAC (N) GAC (D) AAG (K) ATT (I) --- (-) GAC (D) GAC (D) GCC (A) GCC (A) GCG (A) GCC (A) --- (-) GCC (A) GCC (A) GCC (A) GAC (D) :  GAC D 0.251 (D 0.279) GAC D 0.908 (D 0.915) GAC D 0.908 (D 0.915) GAC D 0.908 (D 0.915) GAC D 0.821 (D 0.874) GAT D 0.300 (D 0.594) AAT N 0.377 (N 0.467) AAT N 0.537 (N 0.567) GAC D 0.878 (D 0.884) GCC A 0.993 (A 0.994) GCC A 0.996 (A 0.999) GCC A 0.963 (A 1.000) GCC A 1.000 (A 1.000) GCC A 1.000 (A 1.000) GCC A 1.000 (A 1.000) GCC A 0.994 (A 0.995) GAC D 0.601 (D 0.608) ATC I 0.186 (I 0.240) ATC I 0.191 (I 0.257) ATC I 0.191 (I 0.257) ATC I 0.174 (I 0.250) ATC I 0.140 (I 0.214)
  18      1   ATT (I) CTC (L) ATA (I) --- (-) ATT (I) ATC (I) CTC (L) CTA (L) CTA (L) CTA (L) CTA (L) --- (-) CTC (L) CTA (L) CTG (L) CTG (L) CTG (L) CTG (L) --- (-) CTG (L) CTG (L) CTG (L) CTG (L) :  ATA I 0.258 (L 0.501) CTA L 0.796 (L 1.000) CTA L 0.796 (L 1.000) CTA L 0.796 (L 1.000) CTA L 0.851 (L 1.000) CTA L 0.862 (L 1.000) CTA L 0.960 (L 1.000) CTA L 1.000 (L 1.000) CTA L 0.631 (L 1.000) CTG L 0.998 (L 1.000) CTG L 1.000 (L 1.000) CTG L 1.000 (L 1.000) CTG L 1.000 (L 1.000) CTG L 1.000 (L 1.000) CTG L 1.000 (L 1.000) CTG L 0.998 (L 1.000) CTA L 0.993 (L 1.000) ATC I 0.429 (I 0.997) ATC I 0.451 (I 0.998) ATC I 0.451 (I 0.998) ATC I 0.460 (I 0.998) ATT I 0.435 (I 0.998)
  19      1   AGG (R) AGG (R) CGG (R) --- (-) AGG (R) AGG (R) AGG (R) CGG (R) CGG (R) CGC (R) CGC (R) --- (-) CGG (R) CGC (R) CGG (R) CGG (R) CGG (R) CGG (R) --- (-) CGG (R) CGG (R) CGG (R) CGG (R) :  CGG R 0.494 (R 0.998) CGG R 1.000 (R 1.000) CGG R 1.000 (R 1.000) CGG R 1.000 (R 1.000) CGG R 0.939 (R 1.000) CGG R 0.895 (R 1.000) CGC R 0.752 (R 1.000) CGC R 0.999 (R 1.000) CGG R 1.000 (R 1.000) CGG R 1.000 (R 1.000) CGG R 1.000 (R 1.000) CGG R 1.000 (R 1.000) CGG R 1.000 (R 1.000) CGG R 1.000 (R 1.000) CGG R 1.000 (R 1.000) CGG R 1.000 (R 1.000) CGG R 0.999 (R 1.000) AGG R 0.979 (R 1.000) AGG R 0.981 (R 1.000) AGG R 0.981 (R 1.000) AGG R 0.987 (R 1.000) AGG R 0.984 (R 1.000)
  20      1   AGA (R) GGA (G) AGA (R) --- (-) AGG (R) AGG (R) AGA (R) AGA (R) AGA (R) AGA (R) AGA (R) --- (-) AGA (R) AGA (R) AGA (R) AGA (R) AGA (R) AGA (R) --- (-) AGA (R) AGA (R) AGA (R) AGA (R) :  AGA R 0.960 (R 0.999) AGA R 1.000 (R 1.000) AGA R 1.000 (R 1.000) AGA R 1.000 (R 1.000) AGA R 0.999 (R 1.000) AGA R 0.996 (R 1.000) AGA R 0.994 (R 1.000) AGA R 1.000 (R 1.000) AGA R 0.999 (R 1.000) AGA R 1.000 (R 1.000) AGA R 1.000 (R 1.000) AGA R 1.000 (R 1.000) AGA R 1.000 (R 1.000) AGA R 1.000 (R 1.000) AGA R 1.000 (R 1.000) AGA R 0.999 (R 1.000) AGA R 0.998 (R 1.000) AGA R 0.967 (R 1.000) AGA R 0.963 (R 1.000) AGA R 0.963 (R 1.000) AGA R 0.766 (R 1.000) AGA R 0.716 (R 1.000)
  21      1   TCG (S) GCA (A) AAT (N) --- (-) GAG (E) AAA (K) --- (-) ATA (I) ACA (T) GAA (E) GAA (E) --- (-) AGT (S) AAA (K) GGA (G) GGA (G) GGA (G) GAA (E) --- (-) CAA (Q) CAA (Q) GAA (E) GGC (G) :  GAA E 0.260 (E 0.334) GAA E 0.346 (E 0.350) GAA E 0.346 (E 0.350) GAA E 0.346 (E 0.350) GAA E 0.375 (E 0.380) GAA E 0.485 (E 0.504) GAA E 0.807 (E 0.823) GAA E 0.996 (E 0.996) GAA E 0.327 (E 0.333) GAA E 0.843 (E 0.844) GAA E 0.797 (E 0.797) GGA G 0.992 (G 0.992) GGA G 1.000 (G 1.000) CAA Q 1.000 (Q 1.000) CAA Q 0.999 (Q 0.999) GAA E 0.896 (E 0.897) ATA I 0.521 (I 0.522) GAA E 0.255 (E 0.412) GAA E 0.273 (E 0.432) GAA E 0.273 (E 0.432) GAA E 0.288 (E 0.458) GAA E 0.280 (E 0.474)
  22      1   GTG (V) GTG (V) GTG (V) --- (-) GTG (V) GTA (V) --- (-) GTG (V) GTG (V) GTC (V) GTC (V) --- (-) GTG (V) GTG (V) GTG (V) GTG (V) GTG (V) GTG (V) --- (-) GTG (V) GTG (V) GTG (V) GTG (V) :  GTG V 0.974 (V 1.000) GTG V 1.000 (V 1.000) GTG V 1.000 (V 1.000) GTG V 1.000 (V 1.000) GTG V 0.984 (V 1.000) GTG V 0.607 (V 1.000) GTC V 0.804 (V 1.000) GTC V 0.998 (V 1.000) GTG V 1.000 (V 1.000) GTG V 1.000 (V 1.000) GTG V 1.000 (V 1.000) GTG V 1.000 (V 1.000) GTG V 1.000 (V 1.000) GTG V 1.000 (V 1.000) GTG V 1.000 (V 1.000) GTG V 1.000 (V 1.000) GTG V 0.999 (V 1.000) GTG V 0.999 (V 1.000) GTG V 0.999 (V 1.000) GTG V 0.999 (V 1.000) GTG V 0.989 (V 1.000) GTG V 0.986 (V 1.000)
  23      1   CAG (Q) CAG (Q) ACG (T) --- (-) AAA (K) TTC (F) CAA (Q) GAA (E) GAT (D) CAA (Q) CAA (Q) --- (-) AAT (N) GAG (E) CAG (Q) CAG (Q) CAG (Q) AAG (K) --- (-) AAG (K) AAG (K) AGG (R) ACC (T) :  AAG K 0.423 (K 0.554) AAG K 0.460 (K 0.776) AAG K 0.460 (K 0.776) AAG K 0.460 (K 0.776) AAG K 0.355 (K 0.651) CAA Q 0.678 (Q 0.793) CAA Q 0.897 (Q 0.933) CAA Q 0.999 (Q 0.999) AAG K 0.526 (K 0.798) AAG K 0.957 (K 0.960) AAG K 0.918 (K 0.919) CAG Q 0.997 (Q 0.997) CAG Q 1.000 (Q 1.000) AAG K 1.000 (K 1.000) AAG K 0.997 (K 0.997) AAG K 0.970 (K 0.972) GAA E 0.571 (E 0.719) AAG K 0.492 (K 0.511) AAG K 0.501 (K 0.520) AAG K 0.501 (K 0.520) AAG K 0.455 (K 0.498) AAG K 0.436 (K 0.509)
  24      1   CCG (P) CCG (P) CCT (P) --- (-) CCT (P) CCA (P) GAG (E) CCC (P) CCC (P) CCA (P) CCA (P) --- (-) CCA (P) CCA (P) CCG (P) CCG (P) CCA (P) CCA (P) --- (-) CCA (P) CCA (P) CCA (P) CCA (P) :  CCA P 0.610 (P 0.999) CCA P 0.999 (P 1.000) CCA P 0.999 (P 1.000) CCA P 0.999 (P 1.000) CCA P 0.999 (P 1.000) CCA P 0.982 (P 0.996) CCA P 0.993 (P 0.999) CCA P 1.000 (P 1.000) CCA P 1.000 (P 1.000) CCA P 1.000 (P 1.000) CCA P 0.999 (P 1.000) CCA P 0.966 (P 1.000) CCG P 0.999 (P 1.000) CCA P 1.000 (P 1.000) CCA P 1.000 (P 1.000) CCA P 1.000 (P 1.000) CCC P 0.965 (P 1.000) CCG P 0.619 (P 1.000) CCG P 0.611 (P 1.000) CCG P 0.611 (P 1.000) CCG P 0.562 (P 1.000) CCG P 0.523 (P 1.000)
  25      1   ACT (T) CCT (P) CCT (P) --- (-) TCT (S) GAA (E) GGT (G) ACT (T) CCA (P) TCT (S) TCT (S) --- (-) AGT (S) AAG (K) ACG (T) ACT (T) AGT (S) ACT (T) --- (-) AGT (S) AGT (S) CCC (P) CCT (P) :  CCT P 0.472 (P 0.481) ACT T 0.690 (T 0.690) ACT T 0.690 (T 0.690) ACT T 0.690 (T 0.690) ACT T 0.656 (T 0.661) ACT T 0.384 (T 0.387) TCT S 0.765 (S 0.772) TCT S 0.998 (S 0.998) ACT T 0.812 (T 0.813) ACT T 0.953 (T 0.953) ACT T 0.828 (T 0.828) ACT T 0.810 (T 0.811) ACT T 0.995 (T 1.000) AGT S 1.000 (S 1.000) AGT S 0.992 (S 0.996) ACT T 0.968 (T 0.969) ACT T 0.616 (T 0.675) CCT P 0.736 (P 0.737) CCT P 0.795 (P 0.795) CCT P 0.795 (P 0.795) CCT P 0.719 (P 0.723) CCT P 0.670 (P 0.675)
  26      1   GCC (A) GCC (A) GCC (A) --- (-) GCC (A) GCC (A) GGC (G) GCC (A) GCT (A) GCT (A) GCT (A) --- (-) GCC (A) GCT (A) GCA (A) GCA (A) GCA (A) GCA (A) --- (-) GCA (A) GCA (A) GCA (A) GCT (A) :  GCC A 0.680 (A 0.999) GCT A 0.543 (A 1.000) GCT A 0.543 (A 1.000) GCT A 0.543 (A 1.000) GCT A 0.589 (A 1.000) GCT A 0.616 (A 0.996) GCT A 0.891 (A 0.999) GCT A 0.998 (A 1.000) GCC A 0.501 (A 1.000) GCA A 0.994 (A 1.000) GCA A 0.999 (A 1.000) GCA A 1.000 (A 1.000) GCA A 1.000 (A 1.000) GCA A 1.000 (A 1.000) GCA A 1.000 (A 1.000) GCA A 0.996 (A 1.000) GCC A 0.550 (A 1.000) GCC A 0.995 (A 1.000) GCC A 0.998 (A 1.000) GCC A 0.998 (A 1.000) GCC A 0.997 (A 1.000) GCC A 0.990 (A 1.000)
  27      1   AGT (S) AGC (S) AGC (S) --- (-) AGC (S) AGC (S) AAA (K) AGC (S) AAA (K) AGC (S) AGC (S) --- (-) AGA (R) TCC (S) AGC (S) AGC (S) AGC (S) AGC (S) --- (-) AGC (S) AGC (S) AGC (S) AGC (S) :  AGC S 0.896 (S 0.931) AGC S 0.997 (S 0.998) AGC S 0.997 (S 0.998) AGC S 0.997 (S 0.998) AGC S 0.972 (S 0.974) AGC S 0.909 (S 0.926) AGC S 0.956 (S 0.967) AGC S 0.999 (S 1.000) AGC S 0.981 (S 0.986) AGC S 0.999 (S 0.999) AGC S 0.999 (S 1.000) AGC S 1.000 (S 1.000) AGC S 1.000 (S 1.000) AGC S 1.000 (S 1.000) AGC S 1.000 (S 1.000) AGC S 0.998 (S 0.999) AGC S 0.889 (S 0.905) AGC S 0.977 (S 0.997) AGC S 0.992 (S 0.999) AGC S 0.992 (S 0.999) AGC S 0.989 (S 0.997) AGC S 0.975 (S 0.986)
  28      1   AAT (N) AAT (N) AAT (N) --- (-) AAC (N) AAT (N) AAC (N) AAC (N) AAC (N) AAC (N) AAC (N) --- (-) AAC (N) AAC (N) AAC (N) AAC (N) AAC (N) AAC (N) --- (-) AAC (N) AAC (N) AAC (N) AAC (N) :  AAC N 0.538 (N 0.997) AAC N 0.998 (N 1.000) AAC N 0.998 (N 1.000) AAC N 0.998 (N 1.000) AAC N 0.996 (N 1.000) AAC N 0.986 (N 1.000) AAC N 0.985 (N 1.000) AAC N 1.000 (N 1.000) AAC N 0.997 (N 1.000) AAC N 0.999 (N 1.000) AAC N 0.999 (N 1.000) AAC N 1.000 (N 1.000) AAC N 1.000 (N 1.000) AAC N 1.000 (N 1.000) AAC N 1.000 (N 1.000) AAC N 0.998 (N 1.000) AAC N 0.993 (N 1.000) AAT N 0.920 (N 1.000) AAT N 0.926 (N 1.000) AAT N 0.926 (N 1.000) AAT N 0.905 (N 1.000) AAT N 0.846 (N 1.000)
  29      2   ATG (M) ATG (M) ATG (M) --- (-) ATG (M) ATG (M) ATG (M) ATG (M) ATG (M) ATG (M) ATG (M) ATG (M) ATG (M) ATG (M) ATG (M) ATG (M) ATG (M) ATG (M) ATG (M) ATG (M) ATG (M) ATG (M) ATG (M) :  ATG M 0.999 (M 0.999) ATG M 1.000 (M 1.000) ATG M 1.000 (M 1.000) ATG M 1.000 (M 1.000) ATG M 1.000 (M 1.000) ATG M 1.000 (M 1.000) ATG M 1.000 (M 1.000) ATG M 1.000 (M 1.000) ATG M 1.000 (M 1.000) ATG M 1.000 (M 1.000) ATG M 1.000 (M 1.000) ATG M 1.000 (M 1.000) ATG M 1.000 (M 1.000) ATG M 1.000 (M 1.000) ATG M 1.000 (M 1.000) ATG M 1.000 (M 1.000) ATG M 1.000 (M 1.000) ATG M 1.000 (M 1.000) ATG M 1.000 (M 1.000) ATG M 1.000 (M 1.000) ATG M 1.000 (M 1.000) ATG M 1.000 (M 1.000)
