Supplemental results for CODEML (seqf: CRISP_subset_PAML_BSM15.phy  treef: CRISP_subtree_PAML_BSM15_labelled.tre)


TREE #  1


MLEs of dN/dS (w) for site classes (K=4)

site class             0        1       2a       2b
proportion       0.46542  0.41138  0.06540  0.05780
background w     0.04440  1.00000  0.04440  1.00000
foreground w     0.04440  1.00000  3.86368  3.86368

Naive Empirical Bayes (NEB) probabilities for 4 classes
(amino acids refer to 1st sequence: Agkistrodon_piscivorus|AY181982)

   1 A   0.98944 0.00747 0.00303 0.00006 ( 1)
   2 A   0.95959 0.03057 0.00925 0.00058 ( 1)
   3 V   0.80423 0.15441 0.03277 0.00859 ( 1)
   4 L   0.68200 0.25137 0.04618 0.02045 ( 1)
   5 Q   0.43554 0.54459 0.00614 0.01373 ( 2)
   6 Q   0.23724 0.72476 0.00683 0.03117 ( 2)
   7 S   0.98570 0.01030 0.00390 0.00010 ( 1)
   8 Q   0.95312 0.03925 0.00702 0.00061 ( 1)
   9 N   0.00000 0.97226 0.00000 0.02774 ( 2)
  10 Q   0.03813 0.87598 0.02821 0.05768 ( 2)
  11 I   0.99260 0.00616 0.00122 0.00003 ( 1)
  12 V   0.00996 0.96411 0.00187 0.02405 ( 2)
  13 D   0.00001 0.96346 0.00000 0.03653 ( 2)
  14 L   0.00000 0.37059 0.00041 0.62900 ( 4)
  15 H   0.31899 0.38781 0.26510 0.02810 ( 2)
  16 N   0.99856 0.00117 0.00027 0.00000 ( 1)
  17 S   0.17923 0.77970 0.02558 0.01549 ( 2)
  18 L   0.02177 0.95397 0.00030 0.02396 ( 2)
  19 R   0.92756 0.05915 0.01190 0.00139 ( 1)
  20 R   0.98097 0.01563 0.00327 0.00014 ( 1)
  21 S   0.97511 0.02183 0.00288 0.00018 ( 1)
  22 V   0.82906 0.14111 0.02378 0.00604 ( 1)
  23 N   0.00003 0.87992 0.00873 0.11133 ( 2)
  24 P   0.95139 0.04069 0.00727 0.00065 ( 1)
  25 T   0.99300 0.00588 0.00110 0.00002 ( 1)
  26 A   0.99341 0.00552 0.00106 0.00002 ( 1)
  27 S   0.00201 0.98268 0.00001 0.01529 ( 2)
  28 N   0.96854 0.02632 0.00483 0.00031 ( 1)
  29 M   0.95178 0.04043 0.00715 0.00064 ( 1)
  30 L   0.86997 0.10741 0.01889 0.00373 ( 1)
  31 K   0.00026 0.97407 0.00005 0.02561 ( 2)
  32 M   0.95207 0.04027 0.00704 0.00063 ( 1)
  33 E   0.99107 0.00741 0.00149 0.00004 ( 1)
  34 W   0.89162 0.09022 0.01551 0.00266 ( 1)
  35 Y   0.02270 0.96538 0.00142 0.01051 ( 2)
  36 P   0.00732 0.98726 0.00001 0.00540 ( 2)
  37 E   0.01830 0.96793 0.00141 0.01236 ( 2)
  38 A   0.99401 0.00495 0.00103 0.00002 ( 1)
  39 A   0.88518 0.11320 0.00114 0.00049 ( 1)
  40 A   0.00001 0.97934 0.00000 0.02065 ( 2)
  41 N   0.99862 0.00112 0.00026 0.00000 ( 1)
  42 A   0.97219 0.02321 0.00434 0.00025 ( 1)
  43 E   0.84342 0.15403 0.00164 0.00092 ( 1)
  44 R   0.98927 0.00895 0.00173 0.00005 ( 1)
  45 W   0.89162 0.09022 0.01551 0.00266 ( 1)
  46 A   0.92000 0.06836 0.01020 0.00145 ( 1)
  47 Y   0.00475 0.96944 0.00058 0.02524 ( 2)
  48 R   0.00043 0.97015 0.00011 0.02931 ( 2)
  49 C   0.99513 0.00404 0.00082 0.00001 ( 1)
  50 H   0.37828 0.38424 0.21636 0.02111 ( 2)
  51 S   0.99781 0.00180 0.00039 0.00000 ( 1)
  52 P   0.00007 0.98216 0.00000 0.01776 ( 2)
  53 R   0.00000 0.01701 0.00000 0.98299 ( 4)
  54 N   0.00000 0.67229 0.00000 0.32771 ( 2)
  55 S   0.32544 0.65189 0.00501 0.01765 ( 2)
  56 R   0.98144 0.01522 0.00320 0.00013 ( 1)
  57 G   0.00016 0.96338 0.00005 0.03640 ( 2)
  58 I   0.57533 0.41597 0.00331 0.00539 ( 1)
  59 K   0.00000 0.99466 0.00000 0.00534 ( 2)
  60 C   0.99526 0.00391 0.00082 0.00001 ( 1)
  61 G   0.99585 0.00342 0.00072 0.00001 ( 1)
  62 E   0.99107 0.00741 0.00149 0.00004 ( 1)
  63 N   0.95204 0.02458 0.02324 0.00014 ( 1)
  64 I   0.54454 0.44558 0.00355 0.00633 ( 1)
  65 Y   0.08554 0.90991 0.00012 0.00442 ( 2)
  66 M   0.00191 0.94046 0.00123 0.05640 ( 2)
  67 S   0.01787 0.95026 0.00036 0.03151 ( 2)
  68 S   0.00000 0.49982 0.00012 0.50007 ( 4)
  69 I   0.00000 0.94930 0.00000 0.05070 ( 2)
  70 P   0.65100 0.34551 0.00137 0.00212 ( 1)
  71 I   0.00000 0.21893 0.00000 0.78107 ( 4)
  72 K   0.00001 0.99301 0.00000 0.00698 ( 2)
  73 W   0.89162 0.09022 0.01551 0.00266 ( 1)
  74 T   0.01222 0.83160 0.10789 0.04829 ( 2)
  75 E   0.00000 0.99272 0.00000 0.00727 ( 2)
  76 I   0.10271 0.89197 0.00020 0.00512 ( 2)
  77 I   0.79204 0.12186 0.08416 0.00194 ( 1)
  78 H   0.02009 0.88379 0.02016 0.07595 ( 2)
  79 A   0.00000 0.92328 0.00000 0.07672 ( 2)
  80 W   0.89162 0.09022 0.01551 0.00266 ( 1)
  81 H   0.32770 0.64427 0.02098 0.00704 ( 2)
  82 G   0.00000 0.17428 0.00031 0.82541 ( 4)
  83 E   0.99107 0.00741 0.00149 0.00004 ( 1)
  84 N   0.00000 0.91684 0.00000 0.08316 ( 2)
  85 K   0.83744 0.16040 0.00135 0.00081 ( 1)
  86 N   0.00010 0.98137 0.00019 0.01835 ( 2)
  87 F   0.95411 0.04000 0.00537 0.00052 ( 1)
  88 K   0.00000 0.92705 0.00000 0.07295 ( 2)
  89 Y   0.09406 0.20458 0.69063 0.01073 ( 3)
  90 G   0.27542 0.41400 0.27599 0.03459 ( 2)
  91 I   0.00006 0.97896 0.00001 0.02097 ( 2)
  92 G   0.96557 0.02873 0.00534 0.00036 ( 1)
  93 A   0.97085 0.02416 0.00471 0.00028 ( 1)
  94 D   0.00345 0.98258 0.00005 0.01391 ( 2)
  95 P   0.95229 0.03992 0.00716 0.00063 ( 1)
  96 P   0.00000 0.82936 0.00001 0.17062 ( 2)
  97 N   0.00000 0.91993 0.00001 0.08007 ( 2)
  98 A   0.22208 0.77476 0.00024 0.00293 ( 2)
  99 V   0.06358 0.22316 0.69780 0.01545 ( 3)
 100 F   0.00551 0.98006 0.00004 0.01439 ( 2)
 101 T   0.82087 0.09839 0.07926 0.00147 ( 1)
 102 Q   0.86148 0.11489 0.01951 0.00412 ( 1)
 103 I   0.00008 0.46980 0.23270 0.29742 ( 2)
 104 V   0.99222 0.00647 0.00129 0.00003 ( 1)
 105 W   0.89162 0.09022 0.01551 0.00266 ( 1)
 106 Y   0.02303 0.95232 0.00033 0.02432 ( 2)
 107 K   0.19045 0.76640 0.02774 0.01542 ( 2)
 108 S   0.99781 0.00180 0.00039 0.00000 ( 1)
 109 Y   0.02471 0.95332 0.00034 0.02163 ( 2)
 110 L   0.00020 0.91201 0.00432 0.08347 ( 2)
 111 V   0.00000 0.62724 0.00000 0.37276 ( 2)
 112 G   0.85713 0.07042 0.07148 0.00096 ( 1)
 113 C   0.99504 0.00402 0.00092 0.00001 ( 1)
 114 A   0.99281 0.00567 0.00150 0.00003 ( 1)
 115 A   0.07363 0.19720 0.71641 0.01276 ( 3)
 116 A   0.00003 0.70068 0.00362 0.29566 ( 2)
 117 Y   0.00002 0.88549 0.00050 0.11399 ( 2)
 118 C   0.99526 0.00391 0.00082 0.00001 ( 1)
 119 F   0.00869 0.27572 0.63711 0.07849 ( 3)
 120 Y   0.90947 0.08936 0.00086 0.00031 ( 1)
 121 V   0.99222 0.00647 0.00129 0.00003 ( 1)
 122 C   0.99526 0.00391 0.00082 0.00001 ( 1)
 123 Q   0.01912 0.95217 0.00034 0.02837 ( 2)
 124 Y   0.94134 0.05187 0.00604 0.00074 ( 1)
 125 C   0.92375 0.06362 0.01120 0.00144 ( 1)
 126 P   0.95229 0.03992 0.00716 0.00063 ( 1)
 127 A   0.63170 0.36157 0.00282 0.00391 ( 1)
 128 G   0.93851 0.05560 0.00519 0.00070 ( 1)
 129 N   0.96922 0.02574 0.00474 0.00030 ( 1)
 130 I   0.00000 0.72623 0.00000 0.27377 ( 2)
 131 I   0.00000 0.02430 0.00000 0.97569 ( 4)
 132 G   0.99585 0.00342 0.00072 0.00001 ( 1)
 133 K   0.00000 0.97945 0.00000 0.02055 ( 2)
 134 I   0.00061 0.93536 0.00712 0.05691 ( 2)
 135 A   0.88801 0.11067 0.00092 0.00041 ( 1)
 136 T   0.99373 0.00518 0.00107 0.00002 ( 1)
 137 P   0.95229 0.03992 0.00716 0.00063 ( 1)
 138 Y   0.99511 0.00402 0.00086 0.00001 ( 1)
 139 K   0.00000 0.95256 0.00000 0.04744 ( 2)
 140 S   0.89787 0.08447 0.01521 0.00245 ( 1)
 141 G   0.86292 0.11424 0.01884 0.00400 ( 1)
 142 P   0.03983 0.87687 0.02762 0.05568 ( 2)
 143 P   0.00029 0.97607 0.00005 0.02358 ( 2)
 144 C   0.99526 0.00391 0.00082 0.00001 ( 1)
 145 G   0.00002 0.65709 0.00313 0.33976 ( 2)
 146 D   0.99162 0.00749 0.00087 0.00003 ( 1)
 147 C   0.99472 0.00445 0.00082 0.00001 ( 1)
 148 P   0.98701 0.01084 0.00208 0.00007 ( 1)
 149 S   0.80608 0.16328 0.02353 0.00711 ( 1)
 150 A   0.01769 0.97891 0.00002 0.00338 ( 2)
 151 C   0.99526 0.00391 0.00082 0.00001 ( 1)
 152 V   0.00167 0.74459 0.08777 0.16598 ( 2)
 153 N   0.05025 0.30881 0.61736 0.02358 ( 3)
 154 G   0.96557 0.02873 0.00534 0.00036 ( 1)
 155 L   0.86896 0.10772 0.01946 0.00386 ( 1)
 156 C   0.26407 0.41294 0.28625 0.03674 ( 2)
 157 C   0.00674 0.24190 0.66580 0.08556 ( 3)
 158 T   0.00000 0.04287 0.00001 0.95712 ( 4)
 159 K   0.00000 0.01645 0.00000 0.98355 ( 4)
 160 E   0.00000 0.01948 0.00000 0.98052 ( 4)
 161 D   0.00000 0.97948 0.00007 0.02045 ( 2)
 162 N   0.96924 0.02586 0.00461 0.00029 ( 1)
 163 C   0.92294 0.06441 0.01119 0.00145 ( 1)
 164 K   0.00000 0.09302 0.00000 0.90698 ( 4)
 165 S   0.00000 0.63955 0.00000 0.36045 ( 2)
 166 L   0.00013 0.37508 0.13680 0.48799 ( 4)
 167 C   0.92565 0.06173 0.01122 0.00139 ( 1)
 168 S   0.00033 0.98717 0.00003 0.01246 ( 2)
 169 A   0.99386 0.00509 0.00103 0.00002 ( 1)
 170 I   0.00000 0.91848 0.00001 0.08152 ( 2)
 171 C   0.92982 0.05761 0.01127 0.00130 ( 1)
 172 F   0.00714 0.25470 0.65277 0.08539 ( 3)
 173 C   0.92294 0.06441 0.01119 0.00145 ( 1)


lnL = -3657.213022

Bayes Empirical Bayes (BEB) probabilities for 4 classes (class)
(amino acids refer to 1st sequence: Agkistrodon_piscivorus|AY181982)

   1 A   0.98825 0.00792 0.00375 0.00008 ( 1)
   2 A   0.95718 0.03208 0.01010 0.00064 ( 1)
   3 V   0.79969 0.15932 0.03249 0.00850 ( 1)
   4 L   0.67738 0.25740 0.04526 0.01996 ( 1)
   5 Q   0.45618 0.52331 0.00694 0.01356 ( 2)
   6 Q   0.25512 0.70717 0.00759 0.03012 ( 2)
   7 S   0.98430 0.01090 0.00468 0.00012 ( 1)
   8 Q   0.95036 0.04108 0.00788 0.00068 ( 1)
   9 N   0.00000 0.97042 0.00000 0.02958 ( 2)
  10 Q   0.04677 0.86748 0.03083 0.05492 ( 2)
  11 I   0.99170 0.00654 0.00172 0.00004 ( 1)
  12 V   0.01374 0.95766 0.00264 0.02596 ( 2)
  13 D   0.00001 0.96230 0.00000 0.03768 ( 2)
  14 L   0.00000 0.39398 0.00056 0.60546 ( 4)
  15 H   0.34940 0.39500 0.23109 0.02451 ( 2)
  16 N   0.99826 0.00125 0.00048 0.00000 ( 1)
  17 S   0.20899 0.74475 0.03027 0.01599 ( 2)
  18 L   0.02700 0.94769 0.00041 0.02489 ( 2)
  19 R   0.92416 0.06169 0.01268 0.00148 ( 1)
  20 R   0.97936 0.01649 0.00399 0.00017 ( 1)
  21 S   0.97323 0.02297 0.00358 0.00022 ( 1)
  22 V   0.82428 0.14571 0.02396 0.00605 ( 1)
  23 N   0.00005 0.88426 0.01066 0.10503 ( 2)
  24 P   0.94857 0.04257 0.00813 0.00072 ( 1)
  25 T   0.99215 0.00625 0.00157 0.00003 ( 1)
  26 A   0.99259 0.00586 0.00152 0.00003 ( 1)
  27 S   0.00282 0.98022 0.00002 0.01693 ( 2)
  28 N   0.96634 0.02765 0.00565 0.00036 ( 1)
  29 M   0.94897 0.04230 0.00802 0.00071 ( 1)
  30 L   0.86556 0.11129 0.01934 0.00380 ( 1)
  31 K   0.00041 0.97190 0.00009 0.02761 ( 2)
  32 M   0.94926 0.04214 0.00790 0.00070 ( 1)
  33 E   0.99006 0.00786 0.00203 0.00005 ( 1)
  34 W   0.88747 0.09366 0.01613 0.00275 ( 1)
  35 Y   0.03096 0.95396 0.00226 0.01282 ( 2)
  36 P   0.01015 0.98275 0.00003 0.00708 ( 2)
  37 E   0.02505 0.95804 0.00220 0.01471 ( 2)
  38 A   0.99323 0.00526 0.00148 0.00003 ( 1)
  39 A   0.89056 0.10722 0.00161 0.00061 ( 1)
  40 A   0.00001 0.97700 0.00000 0.02299 ( 2)
  41 N   0.99833 0.00120 0.00047 0.00000 ( 1)
  42 A   0.97015 0.02441 0.00514 0.00029 ( 1)
  43 E   0.85093 0.14582 0.00217 0.00107 ( 1)
  44 R   0.98814 0.00948 0.00232 0.00006 ( 1)
  45 W   0.88747 0.09366 0.01613 0.00275 ( 1)
  46 A   0.91628 0.07117 0.01100 0.00155 ( 1)
  47 Y   0.00660 0.96641 0.00074 0.02624 ( 2)
  48 R   0.00062 0.96818 0.00016 0.03105 ( 2)
  49 C   0.99446 0.00430 0.00122 0.00002 ( 1)
  50 H   0.40666 0.38416 0.19063 0.01855 ( 1)
  51 S   0.99740 0.00192 0.00067 0.00001 ( 1)
  52 P   0.00012 0.98059 0.00000 0.01929 ( 2)
  53 R   0.00000 0.01852 0.00000 0.98148 ( 4)
  54 N   0.00000 0.71266 0.00000 0.28734 ( 2)
  55 S   0.34557 0.63118 0.00573 0.01752 ( 2)
  56 R   0.97986 0.01606 0.00392 0.00016 ( 1)
  57 G   0.00026 0.96211 0.00008 0.03755 ( 2)
  58 I   0.59372 0.39657 0.00401 0.00570 ( 1)
  59 K   0.00000 0.99297 0.00000 0.00703 ( 2)
  60 C   0.99460 0.00416 0.00122 0.00002 ( 1)
  61 G   0.99523 0.00365 0.00110 0.00001 ( 1)
  62 E   0.99006 0.00786 0.00203 0.00005 ( 1)
  63 N   0.94818 0.02337 0.02829 0.00016 ( 1)
  64 I   0.56368 0.42544 0.00426 0.00662 ( 1)
  65 Y   0.10345 0.89059 0.00021 0.00574 ( 2)
  66 M   0.00267 0.94026 0.00157 0.05549 ( 2)
  67 S   0.02222 0.94537 0.00048 0.03193 ( 2)
  68 S   0.00000 0.55580 0.00017 0.44403 ( 2)
  69 I   0.00000 0.94829 0.00000 0.05171 ( 2)
  70 P   0.66725 0.32837 0.00187 0.00251 ( 1)
  71 I   0.00000 0.24897 0.00000 0.75103 ( 4)
  72 K   0.00001 0.99123 0.00000 0.00876 ( 2)
  73 W   0.88747 0.09366 0.01613 0.00275 ( 1)
  74 T   0.01663 0.82508 0.11363 0.04467 ( 2)
  75 E   0.00001 0.99098 0.00000 0.00901 ( 2)
  76 I   0.12346 0.86974 0.00033 0.00648 ( 2)
  77 I   0.79920 0.11608 0.08281 0.00190 ( 1)
  78 H   0.02493 0.88088 0.02206 0.07213 ( 2)
  79 A   0.00000 0.92530 0.00000 0.07470 ( 2)
  80 W   0.88747 0.09366 0.01613 0.00275 ( 1)
  81 H   0.36788 0.59808 0.02633 0.00771 ( 2)
  82 G   0.00000 0.22945 0.00046 0.77009 ( 4)
  83 E   0.99006 0.00786 0.00203 0.00005 ( 1)
  84 N   0.00000 0.92025 0.00000 0.07975 ( 2)
  85 K   0.84531 0.15185 0.00185 0.00098 ( 1)
  86 N   0.00017 0.97787 0.00032 0.02164 ( 2)
  87 F   0.95134 0.04187 0.00620 0.00059 ( 1)
  88 K   0.00000 0.92937 0.00000 0.07063 ( 2)
  89 Y   0.15131 0.28221 0.55760 0.00888 ( 3)
  90 G   0.30408 0.42418 0.24146 0.03027 ( 2)
  91 I   0.00010 0.97711 0.00002 0.02278 ( 2)
  92 G   0.96326 0.03016 0.00616 0.00042 ( 1)
  93 A   0.96876 0.02540 0.00552 0.00032 ( 1)
  94 D   0.00482 0.97956 0.00008 0.01555 ( 2)
  95 P   0.94950 0.04178 0.00802 0.00070 ( 1)
  96 P   0.00000 0.84195 0.00002 0.15803 ( 2)
  97 N   0.00000 0.92063 0.00001 0.07936 ( 2)
  98 A   0.25812 0.73759 0.00041 0.00388 ( 2)
  99 V   0.10385 0.31122 0.57196 0.01297 ( 3)
 100 F   0.00766 0.97629 0.00006 0.01599 ( 2)
 101 T   0.82631 0.09370 0.07853 0.00146 ( 1)
 102 Q   0.85696 0.11893 0.01993 0.00418 ( 1)
 103 I   0.00013 0.51580 0.22589 0.25818 ( 2)
 104 V   0.99129 0.00686 0.00180 0.00004 ( 1)
 105 W   0.88747 0.09366 0.01613 0.00275 ( 1)
 106 Y   0.02855 0.94579 0.00045 0.02522 ( 2)
 107 K   0.22127 0.73014 0.03274 0.01586 ( 2)
 108 S   0.99740 0.00192 0.00067 0.00001 ( 1)
 109 Y   0.03059 0.94625 0.00046 0.02270 ( 2)
 110 L   0.00032 0.91427 0.00513 0.08029 ( 2)
 111 V   0.00000 0.65906 0.00000 0.34094 ( 2)
 112 G   0.86024 0.06705 0.07174 0.00097 ( 1)
 113 C   0.99435 0.00428 0.00135 0.00002 ( 1)
 114 A   0.99190 0.00602 0.00204 0.00004 ( 1)
 115 A   0.12228 0.28067 0.58634 0.01072 ( 3)
 116 A   0.00005 0.72318 0.00428 0.27249 ( 2)
 117 Y   0.00003 0.89221 0.00067 0.10709 ( 2)
 118 C   0.99460 0.00416 0.00122 0.00002 ( 1)
 119 F   0.01306 0.34599 0.56949 0.07146 ( 3)
 120 Y   0.91363 0.08471 0.00126 0.00040 ( 1)
 121 V   0.99129 0.00686 0.00180 0.00004 ( 1)
 122 C   0.99460 0.00416 0.00122 0.00002 ( 1)
 123 Q   0.02375 0.94678 0.00045 0.02902 ( 2)
 124 Y   0.93815 0.05416 0.00686 0.00083 ( 1)
 125 C   0.92019 0.06630 0.01198 0.00153 ( 1)
 126 P   0.94950 0.04178 0.00802 0.00070 ( 1)
 127 A   0.64840 0.34390 0.00349 0.00422 ( 1)
 128 G   0.93519 0.05801 0.00600 0.00080 ( 1)
 129 N   0.96705 0.02705 0.00556 0.00034 ( 1)
 130 I   0.00000 0.74859 0.00000 0.25141 ( 2)
 131 I   0.00000 0.02690 0.00000 0.97310 ( 4)
 132 G   0.99523 0.00365 0.00110 0.00001 ( 1)
 133 K   0.00000 0.97713 0.00000 0.02287 ( 2)
 134 I   0.00095 0.93340 0.00874 0.05691 ( 2)
 135 A   0.89331 0.10483 0.00134 0.00052 ( 1)
 136 T   0.99293 0.00551 0.00153 0.00003 ( 1)
 137 P   0.94950 0.04178 0.00802 0.00070 ( 1)
 138 Y   0.99443 0.00428 0.00127 0.00002 ( 1)
 139 K   0.00000 0.95275 0.00000 0.04725 ( 2)
 140 S   0.89385 0.08777 0.01584 0.00254 ( 1)
 141 G   0.85837 0.11827 0.01929 0.00407 ( 1)
 142 P   0.04881 0.86774 0.03034 0.05312 ( 2)
 143 P   0.00046 0.97375 0.00009 0.02571 ( 2)
 144 C   0.99460 0.00416 0.00122 0.00002 ( 1)
 145 G   0.00003 0.68015 0.00373 0.31609 ( 2)
 146 D   0.99076 0.00795 0.00125 0.00004 ( 1)
 147 C   0.99402 0.00474 0.00122 0.00002 ( 1)
 148 P   0.98573 0.01147 0.00272 0.00009 ( 1)
 149 S   0.80098 0.16822 0.02369 0.00711 ( 1)
 150 A   0.02429 0.97085 0.00004 0.00482 ( 2)
 151 C   0.99460 0.00416 0.00122 0.00002 ( 1)
 152 V   0.00237 0.76034 0.08912 0.14817 ( 2)
 153 N   0.07537 0.39150 0.51320 0.01994 ( 3)
 154 G   0.96326 0.03016 0.00616 0.00042 ( 1)
 155 L   0.86458 0.11161 0.01988 0.00393 ( 1)
 156 C   0.29275 0.42482 0.25028 0.03214 ( 2)
 157 C   0.01019 0.30492 0.60542 0.07947 ( 3)
 158 T   0.00000 0.04650 0.00002 0.95349 ( 4)
 159 K   0.00000 0.01838 0.00000 0.98162 ( 4)
 160 E   0.00000 0.02160 0.00000 0.97840 ( 4)
 161 D   0.00000 0.97682 0.00011 0.02306 ( 2)
 162 N   0.96708 0.02717 0.00542 0.00034 ( 1)
 163 C   0.91937 0.06711 0.01197 0.00155 ( 1)
 164 K   0.00000 0.10217 0.00000 0.89783 ( 4)
 165 S   0.00000 0.68326 0.00000 0.31674 ( 2)
 166 L   0.00019 0.39674 0.14381 0.45926 ( 4)
 167 C   0.92216 0.06435 0.01201 0.00148 ( 1)
 168 S   0.00052 0.98497 0.00005 0.01445 ( 2)
 169 A   0.99308 0.00541 0.00148 0.00003 ( 1)
 170 I   0.00000 0.92200 0.00001 0.07799 ( 2)
 171 C   0.92646 0.06009 0.01206 0.00138 ( 1)
 172 F   0.01078 0.32057 0.58992 0.07873 ( 3)
 173 C   0.91937 0.06711 0.01197 0.00155 ( 1)

Ancestral reconstruction by CODONML.

(((((Crotalus_tigris|XM_039329609: 0.041847, (Crotalus_tigris|XM_039329630: 0.000004, Crotalus_tigris|XM_039329628: 0.036102): 0.036278): 0.030860, Protobothrops_mucrosquamatus|XM_015822886: 0.107994): 0.029897, Gloydius_intermedius|KR818812: 0.161758): 0.117390, ((Thamnophis_elegans|XM_032213702: 0.010776, Thamnophis_sirtalis|XM_014056294: 0.016605): 0.094966, (Pantherophis_guttatus|XM_034432489: 0.000004, (Pantherophis_guttatus|XM_034432490: 0.000004, (Pantherophis_guttatus|XM_034404851: 0.000004, Pantherophis_guttatus|XM_034404849: 0.000004): 0.030638): 0.000004): 0.082990): 0.056381): 0.166436, ((Rhabdophis_tigrinus|AY093955: 0.011626, Rhabdophis_tigrinus|DQ139899: 0.006413): 0.254889, ((((((Ovophis_okinavensis|AB848276: 0.057956, ((Agkistrodon_piscivorus|AY181982: 0.062724, ((Crotalus_tigris|XM_039329582: 0.049294, Crotalus_tigris|XM_039329581: 0.030733): 0.017959, Crotalus_adamanteus|HQ414088: 0.036720): 0.000004): 0.033365, ((Crotalus_tigris|XM_039348532: 0.000004, Crotalus_tigris|XM_039334816: 0.020562): 0.018467, Crotalus_tigris|XM_039334815: 0.041525): 0.043297): 0.054487): 0.025110, (((Trimeresurus_stejnegeri|EU589609: 0.006053, Trimeresurus_stejnegeri|EU589611: 0.000004): 0.012110, Trimeresurus_stejnegeri|EU589610: 0.005916): 0.068649, (((Protobothrops_flavoviridis|AF384219: 0.018419, Protobothrops_flavoviridis|AB848115: 0.000004): 0.042424, (Protobothrops_mucrosquamatus|PMU59447: 0.006930, Protobothrops_mucrosquamatus|XM_015822888: 0.000004): 0.000004): 0.023596, Protobothrops_jerdonii|AY261467: 0.031505): 0.030855): 0.027354): 0.006618, (Deinagkistrodon_acutus|EU589612: 0.094707, Deinagkistrodon_acutus|EU589613: 0.004587): 0.062068): 0.066861, Azemiops_feae|EU589595: 0.088143): 0.000004, ((Daboia_russelii|EU589604: 0.091306, Vipera_berus|AM937250: 0.057842): 0.080701, Daboia_russelii|EU589605: 0.170768): 0.076259): 0.222206, (Pantherophis_guttatus|XM_034432487: 0.159447, (Thamnophis_sirtalis|XM_014056288: 0.029219, Thamnophis_elegans|XM_032213693: 0.057121): 0.213169): 0.035383): 0.019371): 0.118702);

(((((28, (30, 29)), 31), 32), ((37, 38), (34, (36, (35, 33))))), ((25, 24), ((((((11, ((1, ((4, 3), 2)), ((6, 7), 5))), (((17, 18), 19), (((13, 12), (14, 15)), 16))), (9, 10)), 8), ((20, 21), 22)), (23, (27, 26)))));

  39..40   40..41   41..42   42..43   43..28   43..44   44..30   44..29   42..31   41..32   40..45   45..46   46..37   46..38   45..47   47..34   47..48   48..36   48..49   49..35   49..33   39..50   50..51   51..25   51..24   50..52   52..53   53..54   54..55   55..56   56..57   57..11   57..58   58..59   59..1    59..60   60..61   61..4    61..3    60..2    58..62   62..63   63..6    63..7    62..5    56..64   64..65   65..66   66..17   66..18   65..19   64..67   67..68   68..69   69..13   69..12   68..70   70..14   70..15   67..16   55..71   71..9    71..10   54..8    53..72   72..73   73..20   73..21   72..22   52..74   74..23   74..75   75..27   75..26 

tree with node labels for Rod Page's TreeView
(((((28_Crotalus_tigris|XM_039329609, (30_Crotalus_tigris|XM_039329630, 29_Crotalus_tigris|XM_039329628) 44 ) 43 , 31_Protobothrops_mucrosquamatus|XM_015822886) 42 , 32_Gloydius_intermedius|KR818812) 41 , ((37_Thamnophis_elegans|XM_032213702, 38_Thamnophis_sirtalis|XM_014056294) 46 , (34_Pantherophis_guttatus|XM_034432489, (36_Pantherophis_guttatus|XM_034432490, (35_Pantherophis_guttatus|XM_034404851, 33_Pantherophis_guttatus|XM_034404849) 49 ) 48 ) 47 ) 45 ) 40 , ((25_Rhabdophis_tigrinus|AY093955, 24_Rhabdophis_tigrinus|DQ139899) 51 , ((((((11_Ovophis_okinavensis|AB848276, ((1_Agkistrodon_piscivorus|AY181982, ((4_Crotalus_tigris|XM_039329582, 3_Crotalus_tigris|XM_039329581) 61 , 2_Crotalus_adamanteus|HQ414088) 60 ) 59 , ((6_Crotalus_tigris|XM_039348532, 7_Crotalus_tigris|XM_039334816) 63 , 5_Crotalus_tigris|XM_039334815) 62 ) 58 ) 57 , (((17_Trimeresurus_stejnegeri|EU589609, 18_Trimeresurus_stejnegeri|EU589611) 66 , 19_Trimeresurus_stejnegeri|EU589610) 65 , (((13_Protobothrops_flavoviridis|AF384219, 12_Protobothrops_flavoviridis|AB848115) 69 , (14_Protobothrops_mucrosquamatus|PMU59447, 15_Protobothrops_mucrosquamatus|XM_015822888) 70 ) 68 , 16_Protobothrops_jerdonii|AY261467) 67 ) 64 ) 56 , (9_Deinagkistrodon_acutus|EU589612, 10_Deinagkistrodon_acutus|EU589613) 71 ) 55 , 8_Azemiops_feae|EU589595) 54 , ((20_Daboia_russelii|EU589604, 21_Vipera_berus|AM937250) 73 , 22_Daboia_russelii|EU589605) 72 ) 53 , (23_Pantherophis_guttatus|XM_034432487, (27_Thamnophis_sirtalis|XM_014056288, 26_Thamnophis_elegans|XM_032213693) 75 ) 74 ) 52 ) 50 ) 39 ;

Nodes 39 to 75 are ancestral
Unreliable at sites with alignment gaps

(1) Marginal reconstruction of ancestral sequences
(eqn. 4 in Yang et al. 1995 Genetics 141:1641-1650).

Prob of best state at each node, listed by site

   site   Freq   Data: 

   1      1   GCT (A) GCT (A) GCT (A) GCT (A) GCT (A) GCT (A) GCT (A) GCT (A) --- (-) --- (-) GCT (A) GCT (A) GCT (A) --- (-) GCT (A) GCT (A) GCT (A) GCT (A) GCT (A) GCT (A) GCT (A) --- (-) GCT (A) GCT (A) GCT (A) GCT (A) GCT (A) GCT (A) GCT (A) GCT (A) GCT (A) GCT (A) GCT (A) GCT (A) GCT (A) GCT (A) GCT (A) --- (-) :  GCT A 0.997 (A 1.000) GCT A 1.000 (A 1.000) GCT A 1.000 (A 1.000) GCT A 1.000 (A 1.000) GCT A 1.000 (A 1.000) GCT A 1.000 (A 1.000) GCT A 1.000 (A 1.000) GCT A 1.000 (A 1.000) GCT A 1.000 (A 1.000) GCT A 1.000 (A 1.000) GCT A 1.000 (A 1.000) GCT A 1.000 (A 1.000) GCT A 1.000 (A 1.000) GCT A 1.000 (A 1.000) GCT A 1.000 (A 1.000) GCT A 1.000 (A 1.000) GCT A 1.000 (A 1.000) GCT A 1.000 (A 1.000) GCT A 1.000 (A 1.000) GCT A 1.000 (A 1.000) GCT A 1.000 (A 1.000) GCT A 1.000 (A 1.000) GCT A 1.000 (A 1.000) GCT A 1.000 (A 1.000) GCT A 1.000 (A 1.000) GCT A 1.000 (A 1.000) GCT A 1.000 (A 1.000) GCT A 1.000 (A 1.000) GCT A 1.000 (A 1.000) GCT A 1.000 (A 1.000) GCT A 1.000 (A 1.000) GCT A 1.000 (A 1.000) GCT A 0.967 (A 0.995) GCT A 0.999 (A 1.000) GCT A 1.000 (A 1.000) GCT A 1.000 (A 1.000) GCT A 1.000 (A 1.000)
   2      1   GCA (A) GCA (A) GCA (A) GCA (A) GCA (A) GCA (A) GCA (A) GCA (A) --- (-) --- (-) GCA (A) GCA (A) GCA (A) --- (-) GCA (A) GCA (A) GCA (A) GCA (A) GCA (A) GCA (A) GCA (A) --- (-) GCA (A) GCA (A) GCA (A) GCA (A) GCA (A) GCA (A) GCA (A) GCA (A) GCA (A) GCA (A) GCA (A) GCA (A) GCA (A) GCA (A) GCA (A) --- (-) :  GCA A 0.998 (A 1.000) GCA A 1.000 (A 1.000) GCA A 1.000 (A 1.000) GCA A 1.000 (A 1.000) GCA A 1.000 (A 1.000) GCA A 1.000 (A 1.000) GCA A 1.000 (A 1.000) GCA A 1.000 (A 1.000) GCA A 1.000 (A 1.000) GCA A 1.000 (A 1.000) GCA A 1.000 (A 1.000) GCA A 1.000 (A 1.000) GCA A 1.000 (A 1.000) GCA A 1.000 (A 1.000) GCA A 1.000 (A 1.000) GCA A 1.000 (A 1.000) GCA A 1.000 (A 1.000) GCA A 1.000 (A 1.000) GCA A 1.000 (A 1.000) GCA A 1.000 (A 1.000) GCA A 1.000 (A 1.000) GCA A 1.000 (A 1.000) GCA A 1.000 (A 1.000) GCA A 1.000 (A 1.000) GCA A 1.000 (A 1.000) GCA A 1.000 (A 1.000) GCA A 1.000 (A 1.000) GCA A 1.000 (A 1.000) GCA A 1.000 (A 1.000) GCA A 1.000 (A 1.000) GCA A 1.000 (A 1.000) GCA A 1.000 (A 1.000) GCA A 0.964 (A 0.995) GCA A 0.999 (A 1.000) GCA A 1.000 (A 1.000) GCA A 1.000 (A 1.000) GCA A 1.000 (A 1.000)
   3      1   GTG (V) GTG (V) GTG (V) GTG (V) GTG (V) GTG (V) GTG (V) GTG (V) --- (-) --- (-) GTG (V) GTG (V) GTG (V) --- (-) GTG (V) GTG (V) GTG (V) GTG (V) GTG (V) GTG (V) GTG (V) --- (-) GTG (V) GTG (V) GTG (V) GTG (V) GTG (V) GTG (V) GTG (V) GTG (V) GTG (V) GTG (V) GTG (V) GTG (V) GTG (V) GTG (V) GTG (V) --- (-) :  GTG V 0.999 (V 1.000) GTG V 1.000 (V 1.000) GTG V 1.000 (V 1.000) GTG V 1.000 (V 1.000) GTG V 1.000 (V 1.000) GTG V 1.000 (V 1.000) GTG V 1.000 (V 1.000) GTG V 1.000 (V 1.000) GTG V 1.000 (V 1.000) GTG V 1.000 (V 1.000) GTG V 1.000 (V 1.000) GTG V 1.000 (V 1.000) GTG V 1.000 (V 1.000) GTG V 1.000 (V 1.000) GTG V 1.000 (V 1.000) GTG V 1.000 (V 1.000) GTG V 1.000 (V 1.000) GTG V 1.000 (V 1.000) GTG V 1.000 (V 1.000) GTG V 1.000 (V 1.000) GTG V 1.000 (V 1.000) GTG V 1.000 (V 1.000) GTG V 1.000 (V 1.000) GTG V 1.000 (V 1.000) GTG V 1.000 (V 1.000) GTG V 1.000 (V 1.000) GTG V 1.000 (V 1.000) GTG V 1.000 (V 1.000) GTG V 1.000 (V 1.000) GTG V 1.000 (V 1.000) GTG V 1.000 (V 1.000) GTG V 1.000 (V 1.000) GTG V 0.965 (V 0.993) GTG V 1.000 (V 1.000) GTG V 1.000 (V 1.000) GTG V 1.000 (V 1.000) GTG V 1.000 (V 1.000)
   4      1   CTA (L) CTG (L) CTG (L) CTG (L) CTG (L) CTG (L) CTG (L) CTG (L) --- (-) --- (-) CTG (L) CTG (L) CTG (L) --- (-) CTG (L) CTG (L) CTG (L) CTG (L) CTG (L) CTG (L) CTG (L) --- (-) CTG (L) CTG (L) CTG (L) CTG (L) CTG (L) CTG (L) CTG (L) CTG (L) CTG (L) CTG (L) CTG (L) CTG (L) CTG (L) CTG (L) CTG (L) --- (-) :  CTG L 1.000 (L 1.000) CTG L 1.000 (L 1.000) CTG L 1.000 (L 1.000) CTG L 1.000 (L 1.000) CTG L 1.000 (L 1.000) CTG L 1.000 (L 1.000) CTG L 1.000 (L 1.000) CTG L 1.000 (L 1.000) CTG L 1.000 (L 1.000) CTG L 1.000 (L 1.000) CTG L 1.000 (L 1.000) CTG L 1.000 (L 1.000) CTG L 1.000 (L 1.000) CTG L 1.000 (L 1.000) CTG L 1.000 (L 1.000) CTG L 1.000 (L 1.000) CTG L 1.000 (L 1.000) CTG L 1.000 (L 1.000) CTG L 1.000 (L 1.000) CTG L 1.000 (L 1.000) CTG L 1.000 (L 1.000) CTG L 1.000 (L 1.000) CTG L 1.000 (L 1.000) CTG L 1.000 (L 1.000) CTG L 1.000 (L 1.000) CTG L 1.000 (L 1.000) CTG L 1.000 (L 1.000) CTG L 1.000 (L 1.000) CTG L 1.000 (L 1.000) CTG L 1.000 (L 1.000) CTG L 1.000 (L 1.000) CTG L 1.000 (L 1.000) CTG L 0.971 (L 0.994) CTG L 1.000 (L 1.000) CTG L 1.000 (L 1.000) CTG L 1.000 (L 1.000) CTG L 1.000 (L 1.000)
   5      1   CAA (Q) CAA (Q) CAA (Q) CAA (Q) CAA (Q) CAA (Q) CAA (Q) CAA (Q) --- (-) --- (-) CAA (Q) CAA (Q) CAA (Q) --- (-) CAA (Q) CAA (Q) CAA (Q) CAA (Q) CAA (Q) CAA (Q) CAA (Q) --- (-) CAA (Q) CGA (R) CGA (R) CAA (Q) CAA (Q) CAA (Q) CAA (Q) CAA (Q) CAA (Q) CAA (Q) CAA (Q) CAA (Q) CAA (Q) CAA (Q) CAA (Q) --- (-) :  CAA Q 0.996 (Q 0.996) CAA Q 1.000 (Q 1.000) CAA Q 1.000 (Q 1.000) CAA Q 1.000 (Q 1.000) CAA Q 1.000 (Q 1.000) CAA Q 1.000 (Q 1.000) CAA Q 1.000 (Q 1.000) CAA Q 1.000 (Q 1.000) CAA Q 1.000 (Q 1.000) CAA Q 1.000 (Q 1.000) CAA Q 1.000 (Q 1.000) CAA Q 0.997 (Q 0.997) CGA R 1.000 (R 1.000) CAA Q 1.000 (Q 1.000) CAA Q 1.000 (Q 1.000) CAA Q 1.000 (Q 1.000) CAA Q 1.000 (Q 1.000) CAA Q 1.000 (Q 1.000) CAA Q 1.000 (Q 1.000) CAA Q 1.000 (Q 1.000) CAA Q 1.000 (Q 1.000) CAA Q 1.000 (Q 1.000) CAA Q 1.000 (Q 1.000) CAA Q 1.000 (Q 1.000) CAA Q 1.000 (Q 1.000) CAA Q 1.000 (Q 1.000) CAA Q 1.000 (Q 1.000) CAA Q 1.000 (Q 1.000) CAA Q 1.000 (Q 1.000) CAA Q 1.000 (Q 1.000) CAA Q 1.000 (Q 1.000) CAA Q 1.000 (Q 1.000) CAA Q 0.959 (Q 0.966) CAA Q 0.999 (Q 1.000) CAA Q 1.000 (Q 1.000) CAA Q 1.000 (Q 1.000) CAA Q 1.000 (Q 1.000)
   6      1   CAG (Q) CAG (Q) CAG (Q) CAG (Q) CAG (Q) CAG (Q) CAG (Q) CAG (Q) --- (-) --- (-) CAG (Q) CAG (Q) CAG (Q) --- (-) CAG (Q) CAG (Q) CAG (Q) CAG (Q) CAG (Q) CAG (Q) CAG (Q) --- (-) CAG (Q) CAG (Q) CAG (Q) CAT (H) CAG (Q) CAA (Q) CAA (Q) CAA (Q) CAA (Q) CAG (Q) CAA (Q) CAA (Q) CAA (Q) CAA (Q) CAG (Q) --- (-) :  CAG Q 0.974 (Q 0.999) CAG Q 0.941 (Q 1.000) CAG Q 0.900 (Q 1.000) CAA Q 0.984 (Q 1.000) CAA Q 1.000 (Q 1.000) CAA Q 1.000 (Q 1.000) CAG Q 0.934 (Q 1.000) CAG Q 0.993 (Q 1.000) CAA Q 1.000 (Q 1.000) CAA Q 1.000 (Q 1.000) CAA Q 1.000 (Q 1.000) CAG Q 1.000 (Q 1.000) CAG Q 1.000 (Q 1.000) CAG Q 1.000 (Q 1.000) CAG Q 1.000 (Q 1.000) CAG Q 1.000 (Q 1.000) CAG Q 1.000 (Q 1.000) CAG Q 1.000 (Q 1.000) CAG Q 1.000 (Q 1.000) CAG Q 1.000 (Q 1.000) CAG Q 1.000 (Q 1.000) CAG Q 1.000 (Q 1.000) CAG Q 1.000 (Q 1.000) CAG Q 1.000 (Q 1.000) CAG Q 1.000 (Q 1.000) CAG Q 1.000 (Q 1.000) CAG Q 1.000 (Q 1.000) CAG Q 1.000 (Q 1.000) CAG Q 1.000 (Q 1.000) CAG Q 1.000 (Q 1.000) CAG Q 1.000 (Q 1.000) CAG Q 1.000 (Q 1.000) CAG Q 0.958 (Q 0.972) CAG Q 1.000 (Q 1.000) CAG Q 1.000 (Q 1.000) CAG Q 1.000 (Q 1.000) CAG Q 0.996 (Q 0.996)
   7      1   TCT (S) TCT (S) TCT (S) TCT (S) TCT (S) TCT (S) TCT (S) TCT (S) --- (-) --- (-) TCT (S) TCT (S) TCT (S) --- (-) TCT (S) TCT (S) TCT (S) TCT (S) TCT (S) TCT (S) TCT (S) --- (-) TCT (S) TCT (S) TCT (S) TCT (S) TCT (S) TCT (S) TCT (S) TCT (S) TCT (S) TCT (S) TCT (S) TCT (S) TCT (S) TCT (S) TCT (S) --- (-) :  TCT S 0.997 (S 1.000) TCT S 1.000 (S 1.000) TCT S 1.000 (S 1.000) TCT S 1.000 (S 1.000) TCT S 1.000 (S 1.000) TCT S 1.000 (S 1.000) TCT S 1.000 (S 1.000) TCT S 1.000 (S 1.000) TCT S 1.000 (S 1.000) TCT S 1.000 (S 1.000) TCT S 1.000 (S 1.000) TCT S 1.000 (S 1.000) TCT S 1.000 (S 1.000) TCT S 1.000 (S 1.000) TCT S 1.000 (S 1.000) TCT S 1.000 (S 1.000) TCT S 1.000 (S 1.000) TCT S 1.000 (S 1.000) TCT S 1.000 (S 1.000) TCT S 1.000 (S 1.000) TCT S 1.000 (S 1.000) TCT S 1.000 (S 1.000) TCT S 1.000 (S 1.000) TCT S 1.000 (S 1.000) TCT S 1.000 (S 1.000) TCT S 1.000 (S 1.000) TCT S 1.000 (S 1.000) TCT S 1.000 (S 1.000) TCT S 1.000 (S 1.000) TCT S 1.000 (S 1.000) TCT S 1.000 (S 1.000) TCT S 1.000 (S 1.000) TCT S 0.968 (S 0.995) TCT S 0.999 (S 1.000) TCT S 1.000 (S 1.000) TCT S 1.000 (S 1.000) TCT S 1.000 (S 1.000)
   8      1   CAA (Q) CAA (Q) CAA (Q) CAA (Q) CAA (Q) CAA (Q) CAA (Q) CAA (Q) CAA (Q) CAA (Q) CAA (Q) CAA (Q) CAA (Q) --- (-) CAA (Q) CAA (Q) CAA (Q) CAA (Q) CAA (Q) CAA (Q) CAA (Q) CAA (Q) CAA (Q) CAA (Q) CAA (Q) CAA (Q) CAA (Q) CAA (Q) CAA (Q) CAA (Q) CAA (Q) CAA (Q) CAA (Q) CAA (Q) CAA (Q) CAA (Q) CAA (Q) --- (-) :  CAA Q 0.999 (Q 1.000) CAA Q 1.000 (Q 1.000) CAA Q 1.000 (Q 1.000) CAA Q 1.000 (Q 1.000) CAA Q 1.000 (Q 1.000) CAA Q 1.000 (Q 1.000) CAA Q 1.000 (Q 1.000) CAA Q 1.000 (Q 1.000) CAA Q 1.000 (Q 1.000) CAA Q 1.000 (Q 1.000) CAA Q 1.000 (Q 1.000) CAA Q 1.000 (Q 1.000) CAA Q 1.000 (Q 1.000) CAA Q 1.000 (Q 1.000) CAA Q 1.000 (Q 1.000) CAA Q 1.000 (Q 1.000) CAA Q 1.000 (Q 1.000) CAA Q 1.000 (Q 1.000) CAA Q 1.000 (Q 1.000) CAA Q 1.000 (Q 1.000) CAA Q 1.000 (Q 1.000) CAA Q 1.000 (Q 1.000) CAA Q 1.000 (Q 1.000) CAA Q 1.000 (Q 1.000) CAA Q 1.000 (Q 1.000) CAA Q 1.000 (Q 1.000) CAA Q 1.000 (Q 1.000) CAA Q 1.000 (Q 1.000) CAA Q 1.000 (Q 1.000) CAA Q 1.000 (Q 1.000) CAA Q 1.000 (Q 1.000) CAA Q 1.000 (Q 1.000) CAA Q 1.000 (Q 1.000) CAA Q 1.000 (Q 1.000) CAA Q 1.000 (Q 1.000) CAA Q 1.000 (Q 1.000) CAA Q 1.000 (Q 1.000)
   9      1   AAC (N) AAC (N) AAC (N) AAC (N) AAC (N) AAC (N) AAC (N) AAC (N) AAC (N) AAC (N) AAC (N) AAC (N) AAC (N) --- (-) AAC (N) AAC (N) AAT (N) AAT (N) AAT (N) AAT (N) AAT (N) AAT (N) AGG (R) CAG (Q) CAG (Q) GAT (D) GAT (D) AAG (K) AAG (K) AAG (K) AAG (K) AAC (N) AAG (K) AAG (K) AAG (K) AAG (K) AGG (R) --- (-) :  AAG K 0.991 (K 0.992) AAG K 0.999 (K 0.999) AAG K 0.996 (K 0.997) AAG K 1.000 (K 1.000) AAG K 1.000 (K 1.000) AAG K 1.000 (K 1.000) AAG K 0.990 (K 0.990) AGG R 0.899 (R 0.899) AAG K 1.000 (K 1.000) AAG K 1.000 (K 1.000) AAG K 1.000 (K 1.000) AAG K 0.992 (K 0.992) CAG Q 1.000 (Q 1.000) AAG K 0.985 (K 0.986) AAC N 0.988 (N 0.999) AAC N 0.988 (N 0.999) AAC N 1.000 (N 1.000) AAC N 1.000 (N 1.000) AAC N 1.000 (N 1.000) AAC N 1.000 (N 1.000) AAC N 1.000 (N 1.000) AAC N 1.000 (N 1.000) AAC N 1.000 (N 1.000) AAC N 1.000 (N 1.000) AAC N 1.000 (N 1.000) AAC N 0.997 (N 1.000) AAT N 1.000 (N 1.000) AAT N 1.000 (N 1.000) AAC N 1.000 (N 1.000) AAC N 1.000 (N 1.000) AAC N 1.000 (N 1.000) AAC N 1.000 (N 1.000) AAC N 1.000 (N 1.000) AAT N 0.929 (N 0.999) AAT N 0.999 (N 1.000) AAG K 0.963 (K 0.964) GAT D 0.991 (D 0.991)
  10      1   CAG (Q) AAG (K) AAG (K) AAG (K) GAG (E) GAG (E) GAG (E) GAG (E) GAG (E) GAG (E) GAG (E) GAG (E) GAG (E) --- (-) GAG (E) GAG (E) GAG (E) GAG (E) GAG (E) GAG (E) GAG (E) GAG (E) GAG (E) GAG (E) GAG (E) GAG (E) GAG (E) GAG (E) GAG (E) GAG (E) GAG (E) GAG (E) GAG (E) GAG (E) GAG (E) GAG (E) GAG (E) --- (-) :  GAG E 0.996 (E 0.997) GAG E 1.000 (E 1.000) GAG E 1.000 (E 1.000) GAG E 1.000 (E 1.000) GAG E 1.000 (E 1.000) GAG E 1.000 (E 1.000) GAG E 1.000 (E 1.000) GAG E 1.000 (E 1.000) GAG E 1.000 (E 1.000) GAG E 1.000 (E 1.000) GAG E 1.000 (E 1.000) GAG E 1.000 (E 1.000) GAG E 1.000 (E 1.000) GAG E 1.000 (E 1.000) GAG E 1.000 (E 1.000) GAG E 1.000 (E 1.000) GAG E 1.000 (E 1.000) GAG E 1.000 (E 1.000) GAG E 1.000 (E 1.000) GAG E 0.987 (E 0.987) AAG K 0.996 (K 0.996) AAG K 0.996 (K 0.996) AAG K 0.999 (K 0.999) GAG E 1.000 (E 1.000) GAG E 1.000 (E 1.000) GAG E 1.000 (E 1.000) GAG E 1.000 (E 1.000) GAG E 1.000 (E 1.000) GAG E 1.000 (E 1.000) GAG E 1.000 (E 1.000) GAG E 1.000 (E 1.000) GAG E 1.000 (E 1.000) GAG E 1.000 (E 1.000) GAG E 1.000 (E 1.000) GAG E 1.000 (E 1.000) GAG E 1.000 (E 1.000) GAG E 1.000 (E 1.000)
  11      1   ATT (I) ATT (I) ATT (I) ATT (I) ATT (I) ATT (I) ATT (I) ATT (I) ATT (I) ATT (I) ATT (I) ATT (I) ATT (I) --- (-) ATT (I) ATT (I) ATT (I) ATT (I) ATT (I) ATT (I) ATT (I) ATT (I) ATT (I) ATT (I) ATT (I) ATT (I) ATT (I) ATT (I) ATT (I) ATT (I) ATT (I) ATT (I) ATT (I) ATT (I) ATT (I) ATT (I) ATT (I) --- (-) :  ATT I 0.999 (I 1.000) ATT I 1.000 (I 1.000) ATT I 1.000 (I 1.000) ATT I 1.000 (I 1.000) ATT I 1.000 (I 1.000) ATT I 1.000 (I 1.000) ATT I 1.000 (I 1.000) ATT I 1.000 (I 1.000) ATT I 1.000 (I 1.000) ATT I 1.000 (I 1.000) ATT I 1.000 (I 1.000) ATT I 1.000 (I 1.000) ATT I 1.000 (I 1.000) ATT I 1.000 (I 1.000) ATT I 1.000 (I 1.000) ATT I 1.000 (I 1.000) ATT I 1.000 (I 1.000) ATT I 1.000 (I 1.000) ATT I 1.000 (I 1.000) ATT I 1.000 (I 1.000) ATT I 1.000 (I 1.000) ATT I 1.000 (I 1.000) ATT I 1.000 (I 1.000) ATT I 1.000 (I 1.000) ATT I 1.000 (I 1.000) ATT I 1.000 (I 1.000) ATT I 1.000 (I 1.000) ATT I 1.000 (I 1.000) ATT I 1.000 (I 1.000) ATT I 1.000 (I 1.000) ATT I 1.000 (I 1.000) ATT I 1.000 (I 1.000) ATT I 1.000 (I 1.000) ATT I 1.000 (I 1.000) ATT I 1.000 (I 1.000) ATT I 1.000 (I 1.000) ATT I 1.000 (I 1.000)
  12      1   GTT (V) GTT (V) GTT (V) GTT (V) GTT (V) GTT (V) GTT (V) GTT (V) GTT (V) GTT (V) GTT (V) ATT (I) ATT (I) --- (-) ATT (I) ATT (I) GTT (V) GTT (V) GTT (V) GTT (V) ATT (I) GTT (V) GTT (V) GTT (V) GTT (V) GTT (V) GTT (V) CTT (L) CTT (L) CTT (L) CTT (L) GTT (V) GTT (V) GTT (V) GTT (V) GTT (V) GTT (V) --- (-) :  GTT V 0.989 (V 0.991) GTT V 0.997 (V 0.997) GTT V 0.920 (V 0.920) CTT L 0.993 (L 0.993) CTT L 1.000 (L 1.000) CTT L 1.000 (L 1.000) GTT V 1.000 (V 1.000) GTT V 0.999 (V 1.000) GTT V 1.000 (V 1.000) GTT V 1.000 (V 1.000) GTT V 1.000 (V 1.000) GTT V 1.000 (V 1.000) GTT V 1.000 (V 1.000) GTT V 1.000 (V 1.000) GTT V 1.000 (V 1.000) GTT V 1.000 (V 1.000) GTT V 1.000 (V 1.000) GTT V 1.000 (V 1.000) GTT V 1.000 (V 1.000) GTT V 1.000 (V 1.000) GTT V 1.000 (V 1.000) GTT V 1.000 (V 1.000) GTT V 1.000 (V 1.000) GTT V 1.000 (V 1.000) GTT V 1.000 (V 1.000) GTT V 0.980 (V 0.980) GTT V 1.000 (V 1.000) GTT V 1.000 (V 1.000) ATT I 0.995 (I 0.995) ATT I 1.000 (I 1.000) ATT I 1.000 (I 1.000) ATT I 1.000 (I 1.000) GTT V 1.000 (V 1.000) GTT V 0.998 (V 0.998) GTT V 0.957 (V 0.957) GTT V 1.000 (V 1.000) GTT V 1.000 (V 1.000)
  13      1   GAC (D) GAC (D) GAT (D) GAT (D) GAC (D) GAC (D) GAC (D) GAC (D) GAC (D) GAC (D) GAC (D) GAC (D) GAC (D) --- (-) GAC (D) GAC (D) GAC (D) GAC (D) GAC (D) GAC (D) GAC (D) GAG (E) GGC (G) AAC (N) AAC (N) AAC (N) AAC (N) GAC (D) GAC (D) GAC (D) GAC (D) GAC (D) GAC (D) GAC (D) GAC (D) GAC (D) GAA (E) --- (-) :  GAC D 0.962 (D 0.965) GAC D 0.999 (D 0.999) GAC D 1.000 (D 1.000) GAC D 1.000 (D 1.000) GAC D 1.000 (D 1.000) GAC D 1.000 (D 1.000) GAC D 0.993 (D 0.993) GAA E 0.895 (E 0.897) GAC D 1.000 (D 1.000) GAC D 1.000 (D 1.000) GAC D 1.000 (D 1.000) GAC D 0.949 (D 0.949) AAC N 1.000 (N 1.000) GAC D 0.954 (D 0.954) GAC D 1.000 (D 1.000) GAC D 1.000 (D 1.000) GAC D 1.000 (D 1.000) GAC D 1.000 (D 1.000) GAC D 1.000 (D 1.000) GAC D 1.000 (D 1.000) GAC D 1.000 (D 1.000) GAC D 1.000 (D 1.000) GAT D 0.978 (D 1.000) GAC D 1.000 (D 1.000) GAC D 1.000 (D 1.000) GAC D 1.000 (D 1.000) GAC D 1.000 (D 1.000) GAC D 1.000 (D 1.000) GAC D 1.000 (D 1.000) GAC D 1.000 (D 1.000) GAC D 1.000 (D 1.000) GAC D 1.000 (D 1.000) GAC D 1.000 (D 1.000) GAC D 0.991 (D 0.992) GAC D 1.000 (D 1.000) GAC D 0.938 (D 0.938) AAC N 0.998 (N 0.998)
  14      1   TTG (L) TTG (L) TTG (L) TTG (L) TTG (L) TTG (L) TTG (L) TTG (L) TTG (L) TTG (L) TTG (L) TTG (L) TTG (L) --- (-) TTG (L) TTG (L) TTG (L) TTG (L) TTG (L) TTG (L) TTG (L) TTC (F) ATG (M) ATA (I) ATA (I) ATG (M) ATG (M) AAG (K) AAG (K) AAG (K) AAG (K) TTG (L) AAG (K) AAG (K) AAG (K) AAG (K) AAG (K) --- (-) :  ATG M 0.621 (M 0.621) AAG K 0.901 (K 0.901) AAG K 0.900 (K 0.900) AAG K 0.999 (K 0.999) AAG K 1.000 (K 1.000) AAG K 1.000 (K 1.000) AAG K 0.998 (K 0.998) AAG K 1.000 (K 1.000) AAG K 1.000 (K 1.000) AAG K 1.000 (K 1.000) AAG K 1.000 (K 1.000) ATG M 0.993 (M 0.993) ATA I 1.000 (I 1.000) ATG M 0.999 (M 0.999) TTG L 1.000 (L 1.000) TTG L 1.000 (L 1.000) TTG L 1.000 (L 1.000) TTG L 1.000 (L 1.000) TTG L 1.000 (L 1.000) TTG L 1.000 (L 1.000) TTG L 1.000 (L 1.000) TTG L 1.000 (L 1.000) TTG L 1.000 (L 1.000) TTG L 1.000 (L 1.000) TTG L 1.000 (L 1.000) TTG L 1.000 (L 1.000) TTG L 1.000 (L 1.000) TTG L 1.000 (L 1.000) TTG L 1.000 (L 1.000) TTG L 1.000 (L 1.000) TTG L 1.000 (L 1.000) TTG L 1.000 (L 1.000) TTG L 1.000 (L 1.000) TTG L 0.998 (L 0.998) TTG L 1.000 (L 1.000) ATG M 1.000 (M 1.000) ATG M 1.000 (M 1.000)
  15      1   CAC (H) CAC (H) CAC (H) CAC (H) CAC (H) CAC (H) CAC (H) CAC (H) CAC (H) CAC (H) CAC (H) CAC (H) CAC (H) --- (-) CAC (H) CAC (H) CAC (H) CAC (H) CAC (H) CAC (H) CAC (H) CAC (H) CAC (H) CAC (H) CAC (H) CAC (H) CAC (H) TAC (Y) CAC (H) CAC (H) CAC (H) CAC (H) CAC (H) CAC (H) CAC (H) CAC (H) CAC (H) --- (-) :  CAC H 0.998 (H 0.999) CAC H 1.000 (H 1.000) CAC H 1.000 (H 1.000) CAC H 1.000 (H 1.000) CAC H 0.997 (H 0.997) CAC H 1.000 (H 1.000) CAC H 1.000 (H 1.000) CAC H 1.000 (H 1.000) CAC H 1.000 (H 1.000) CAC H 1.000 (H 1.000) CAC H 1.000 (H 1.000) CAC H 1.000 (H 1.000) CAC H 1.000 (H 1.000) CAC H 1.000 (H 1.000) CAC H 1.000 (H 1.000) CAC H 1.000 (H 1.000) CAC H 1.000 (H 1.000) CAC H 1.000 (H 1.000) CAC H 1.000 (H 1.000) CAC H 1.000 (H 1.000) CAC H 1.000 (H 1.000) CAC H 1.000 (H 1.000) CAC H 1.000 (H 1.000) CAC H 1.000 (H 1.000) CAC H 1.000 (H 1.000) CAC H 1.000 (H 1.000) CAC H 1.000 (H 1.000) CAC H 1.000 (H 1.000) CAC H 1.000 (H 1.000) CAC H 1.000 (H 1.000) CAC H 1.000 (H 1.000) CAC H 1.000 (H 1.000) CAC H 1.000 (H 1.000) CAC H 1.000 (H 1.000) CAC H 1.000 (H 1.000) CAC H 1.000 (H 1.000) CAC H 1.000 (H 1.000)
  16      1   AAT (N) AAT (N) AAT (N) AAT (N) AAT (N) AAT (N) AAT (N) AAT (N) AAT (N) AAT (N) AAT (N) AAT (N) AAT (N) --- (-) AAT (N) AAT (N) AAT (N) AAT (N) AAT (N) AAT (N) AAT (N) AAT (N) AAT (N) AAT (N) AAT (N) AAT (N) AAT (N) AAT (N) AAT (N) AAT (N) AAT (N) AAT (N) AAT (N) AAT (N) AAT (N) AAT (N) AAT (N) --- (-) :  AAT N 0.997 (N 1.000) AAT N 1.000 (N 1.000) AAT N 1.000 (N 1.000) AAT N 1.000 (N 1.000) AAT N 1.000 (N 1.000) AAT N 1.000 (N 1.000) AAT N 1.000 (N 1.000) AAT N 1.000 (N 1.000) AAT N 1.000 (N 1.000) AAT N 1.000 (N 1.000) AAT N 1.000 (N 1.000) AAT N 1.000 (N 1.000) AAT N 1.000 (N 1.000) AAT N 1.000 (N 1.000) AAT N 1.000 (N 1.000) AAT N 1.000 (N 1.000) AAT N 1.000 (N 1.000) AAT N 1.000 (N 1.000) AAT N 1.000 (N 1.000) AAT N 1.000 (N 1.000) AAT N 1.000 (N 1.000) AAT N 1.000 (N 1.000) AAT N 1.000 (N 1.000) AAT N 1.000 (N 1.000) AAT N 1.000 (N 1.000) AAT N 1.000 (N 1.000) AAT N 1.000 (N 1.000) AAT N 1.000 (N 1.000) AAT N 1.000 (N 1.000) AAT N 1.000 (N 1.000) AAT N 1.000 (N 1.000) AAT N 1.000 (N 1.000) AAT N 1.000 (N 1.000) AAT N 1.000 (N 1.000) AAT N 1.000 (N 1.000) AAT N 1.000 (N 1.000) AAT N 1.000 (N 1.000)
