Supplemental results for CODEML (seqf: CRISP_subset_PAML_BSM6.phy  treef: CRISP_subtree_PAML_BSM6_labelled.tre)


TREE #  1


MLEs of dN/dS (w) for site classes (K=4)

site class             0        1       2a       2b
proportion       0.43071  0.37492  0.10391  0.09045
background w     0.10938  1.00000  0.10938  1.00000
foreground w     0.10938  1.00000  1.00000  1.00000

Naive Empirical Bayes (NEB) probabilities for 4 classes
(amino acids refer to 1st sequence: Varanus_komodoensis|XM_044418991)

   1 A   0.09487 0.00113 0.90373 0.00027 ( 3)
   2 A   0.02414 0.55973 0.28108 0.13504 ( 2)
   3 W   0.00000 0.80495 0.00085 0.19420 ( 2)
   4 L   0.26866 0.04305 0.67790 0.01039 ( 3)
   5 S   0.00003 0.62551 0.22355 0.15091 ( 2)
   6 T   0.00029 0.01798 0.97740 0.00434 ( 3)
   7 S   0.00061 0.68409 0.15026 0.16505 ( 2)
   8 K   0.58299 0.16871 0.20759 0.04070 ( 1)
   9 T   0.00004 0.80439 0.00150 0.19407 ( 2)
  10 E   0.03175 0.04995 0.90625 0.01205 ( 3)
  11 I   0.99839 0.00000 0.00161 0.00000 ( 1)
  12 L   0.00000 0.80562 0.00001 0.19437 ( 2)
  13 D   0.24161 0.00470 0.75255 0.00113 ( 3)
  14 K   0.00765 0.37511 0.52674 0.09050 ( 3)
  15 F   0.21243 0.19333 0.54759 0.04664 ( 3)
  16 N   0.99968 0.00000 0.00032 0.00000 ( 1)
  17 S   0.00000 0.80542 0.00027 0.19432 ( 2)
  18 I   0.93053 0.01425 0.05177 0.00344 ( 1)
  19 R   0.99518 0.00008 0.00472 0.00002 ( 1)
  20 R   0.98253 0.00001 0.01745 0.00000 ( 1)
  21 S   0.00000 0.80558 0.00006 0.19436 ( 2)
  22 V   0.99399 0.00008 0.00591 0.00002 ( 1)
  23 Q   0.00000 0.80113 0.00559 0.19328 ( 2)
  24 P   0.98500 0.00611 0.00742 0.00147 ( 1)
  25 T   0.00000 0.80563 0.00000 0.19437 ( 2)
  26 A   0.99749 0.00004 0.00246 0.00001 ( 1)
  27 S   0.41647 0.45128 0.02338 0.10888 ( 2)
  28 N   0.99967 0.00000 0.00033 0.00000 ( 1)
  29 M   0.99885 0.00000 0.00115 0.00000 ( 1)
  30 L   0.97113 0.00866 0.01812 0.00209 ( 1)
  31 K   0.99915 0.00000 0.00085 0.00000 ( 1)
  32 M   0.99885 0.00000 0.00115 0.00000 ( 1)
  33 T   0.00833 0.51377 0.35394 0.12395 ( 2)
  34 W   0.99527 0.00002 0.00472 0.00000 ( 1)
  35 N   0.94301 0.01335 0.04042 0.00322 ( 1)
  36 E   0.00000 0.80563 0.00000 0.19437 ( 2)
  37 R   0.00010 0.80483 0.00090 0.19418 ( 2)
  38 A   0.81603 0.02889 0.14811 0.00697 ( 1)
  39 A   0.00001 0.80546 0.00020 0.19433 ( 2)
  40 E   0.93756 0.04338 0.00859 0.01047 ( 1)
  41 T   0.60870 0.03330 0.34997 0.00803 ( 1)
  42 A   0.99794 0.00000 0.00206 0.00000 ( 1)
  43 K   0.64258 0.23988 0.05966 0.05787 ( 1)
  44 N   0.00000 0.80559 0.00005 0.19436 ( 2)
  45 W   0.57181 0.08029 0.32854 0.01937 ( 1)
  46 S   0.22283 0.01087 0.76368 0.00262 ( 3)
  47 R   0.00000 0.80563 0.00000 0.19437 ( 2)
  48 K   0.00001 0.80545 0.00021 0.19433 ( 2)
  49 C   0.99876 0.00000 0.00124 0.00000 ( 1)
  50 R   0.00447 0.01685 0.97462 0.00407 ( 3)
  51 F   0.40290 0.00004 0.59705 0.00001 ( 3)
  52 P   0.10381 0.29941 0.52455 0.07224 ( 3)
  53 R   0.00000 0.80563 0.00000 0.19437 ( 2)
  54 E   0.00000 0.80559 0.00005 0.19436 ( 2)
  55 E   0.00000 0.80563 0.00000 0.19437 ( 2)
  56 R   0.99669 0.00000 0.00331 0.00000 ( 1)
  57 G   0.54620 0.34706 0.02301 0.08373 ( 1)
  58 I   0.00000 0.80563 0.00000 0.19437 ( 2)
  59 L   0.00000 0.80563 0.00000 0.19437 ( 2)
  60 C   0.99887 0.00000 0.00113 0.00000 ( 1)
  61 G   0.99855 0.00000 0.00145 0.00000 ( 1)
  62 E   0.99916 0.00000 0.00084 0.00000 ( 1)
  63 T   0.37582 0.00098 0.62297 0.00024 ( 3)
  64 R   0.00001 0.78797 0.02191 0.19011 ( 2)
  65 L   0.00785 0.79219 0.00884 0.19113 ( 2)
  66 R   0.00000 0.80563 0.00000 0.19437 ( 2)
  67 A   0.00760 0.03058 0.95444 0.00738 ( 3)
  68 T   0.00013 0.80240 0.00388 0.19359 ( 2)
  69 Y   0.00000 0.80563 0.00000 0.19437 ( 2)
  70 P   0.00003 0.80559 0.00002 0.19436 ( 2)
  71 S   0.00000 0.80563 0.00000 0.19437 ( 2)
  72 S   0.00000 0.80563 0.00000 0.19437 ( 2)
  73 W   0.99527 0.00001 0.00472 0.00000 ( 1)
  74 S   0.00000 0.80563 0.00000 0.19437 ( 2)
  75 D   0.00000 0.80433 0.00162 0.19405 ( 2)
  76 V   0.11424 0.67538 0.04744 0.16294 ( 2)
  77 I   0.97575 0.00555 0.01735 0.00134 ( 1)
  78 D   0.00702 0.74412 0.06933 0.17953 ( 2)
  79 T   0.00000 0.80563 0.00000 0.19437 ( 2)
  80 W   0.71276 0.00049 0.28663 0.00012 ( 1)
  81 N   0.00000 0.80374 0.00235 0.19391 ( 2)
  82 Q   0.00012 0.55727 0.30817 0.13445 ( 2)
  83 K   0.00184 0.15521 0.80551 0.03745 ( 3)
  84 A   0.00001 0.80451 0.00138 0.19410 ( 2)
  85 S   0.00000 0.80563 0.00000 0.19437 ( 2)
  86 N   0.20122 0.59504 0.06018 0.14356 ( 2)
  87 F   0.99783 0.00001 0.00216 0.00000 ( 1)
  88 E   0.00160 0.80419 0.00019 0.19402 ( 2)
  89 Y   0.87158 0.00002 0.12839 0.00001 ( 1)
  90 G   0.99814 0.00004 0.00181 0.00001 ( 1)
  91 V   0.00000 0.80563 0.00000 0.19437 ( 2)
  92 G   0.99472 0.00085 0.00422 0.00020 ( 1)
  93 A   0.00000 0.80550 0.00015 0.19434 ( 2)
  94 I   0.00000 0.80563 0.00000 0.19437 ( 2)
  95 N   0.00070 0.80420 0.00108 0.19402 ( 2)
  96 P   0.00000 0.80563 0.00000 0.19437 ( 2)
  97 R   0.00002 0.79441 0.01391 0.19166 ( 2)
  98 K   0.82835 0.12938 0.01105 0.03121 ( 1)
  99 N   0.00000 0.80560 0.00004 0.19436 ( 2)
 100 Y   0.99842 0.00001 0.00158 0.00000 ( 1)
 101 T   0.99788 0.00000 0.00211 0.00000 ( 1)
 102 Q   0.99566 0.00001 0.00434 0.00000 ( 1)
 103 I   0.87645 0.07007 0.03658 0.01691 ( 1)
 104 I   0.18299 0.65392 0.00533 0.15777 ( 2)
 105 W   0.99527 0.00001 0.00472 0.00000 ( 1)
 106 H   0.38032 0.11315 0.47923 0.02730 ( 3)
 107 D   0.08855 0.69928 0.04345 0.16871 ( 2)
 108 S   0.99089 0.00017 0.00891 0.00004 ( 1)
 109 H   0.24330 0.58331 0.03265 0.14073 ( 2)
 110 Q   0.00000 0.80563 0.00000 0.19437 ( 2)
 111 I   0.00179 0.74922 0.06823 0.18076 ( 2)
 112 G   0.99666 0.00002 0.00331 0.00000 ( 1)
 113 C   0.99887 0.00000 0.00113 0.00000 ( 1)
 114 A   0.04270 0.76150 0.01208 0.18372 ( 2)
 115 L   0.00001 0.80561 0.00002 0.19436 ( 2)
 116 V   0.00001 0.80400 0.00202 0.19398 ( 2)
 117 Y   0.00002 0.80553 0.00011 0.19434 ( 2)
 118 C   0.99838 0.00000 0.00162 0.00000 ( 1)
 119 S   0.00000 0.80554 0.00012 0.19435 ( 2)
 120 Y   0.87109 0.00032 0.12852 0.00008 ( 1)
 121 A   0.64792 0.09569 0.23330 0.02309 ( 1)
 122 C   0.99829 0.00000 0.00171 0.00000 ( 1)
 123 I   0.02571 0.57492 0.26065 0.13871 ( 2)
 124 Y   0.97892 0.00008 0.02099 0.00002 ( 1)
 125 C   0.99825 0.00003 0.00171 0.00001 ( 1)
 126 P   0.95970 0.00005 0.04024 0.00001 ( 1)
 127 V   0.00011 0.80281 0.00340 0.19369 ( 2)
 128 G   0.99574 0.00001 0.00425 0.00000 ( 1)
 129 N   0.99466 0.00000 0.00534 0.00000 ( 1)
 130 L   0.00168 0.79714 0.00887 0.19232 ( 2)
 131 A   0.00000 0.80563 0.00000 0.19437 ( 2)
 132 E   0.01985 0.54574 0.30274 0.13167 ( 2)
 133 E   0.00002 0.80164 0.00494 0.19341 ( 2)
 134 V   0.00000 0.80551 0.00015 0.19434 ( 2)
 135 A   0.00000 0.80563 0.00000 0.19437 ( 2)
 136 T   0.06381 0.55763 0.24402 0.13454 ( 2)
 137 P   0.99404 0.00001 0.00594 0.00000 ( 1)
 138 Y   0.99783 0.00005 0.00212 0.00001 ( 1)
 139 K   0.98966 0.00001 0.01033 0.00000 ( 1)
 140 K   0.00002 0.80545 0.00020 0.19433 ( 2)
 141 G   0.99727 0.00000 0.00272 0.00000 ( 1)
 142 P   0.00000 0.80563 0.00001 0.19437 ( 2)
 143 S   0.47073 0.01380 0.51214 0.00333 ( 3)
 144 C   0.99887 0.00000 0.00113 0.00000 ( 1)
 145 G   0.01200 0.74520 0.06301 0.17979 ( 2)
 146 D   0.67867 0.00058 0.32060 0.00014 ( 1)
 147 C   0.99834 0.00000 0.00166 0.00000 ( 1)
 148 P   0.99591 0.00006 0.00401 0.00002 ( 1)
 149 D   0.00000 0.80556 0.00009 0.19435 ( 2)
 150 T   0.00004 0.80474 0.00106 0.19416 ( 2)
 151 C   0.99866 0.00000 0.00133 0.00000 ( 1)
 152 E   0.99928 0.00000 0.00072 0.00000 ( 1)
 153 D   0.96543 0.02500 0.00354 0.00603 ( 1)
 154 K   0.17153 0.66554 0.00237 0.16057 ( 2)
 155 L   0.98973 0.00014 0.01010 0.00003 ( 1)
 156 C   0.99828 0.00000 0.00172 0.00000 ( 1)
 157 C   0.99833 0.00000 0.00167 0.00000 ( 1)
 158 K   0.00187 0.80234 0.00221 0.19358 ( 2)
 159 Y   0.47893 0.41870 0.00136 0.10102 ( 1)
 160 F   0.00000 0.80563 0.00000 0.19437 ( 2)
 161 D   0.99599 0.00089 0.00291 0.00021 ( 1)
 162 D   0.00439 0.00144 0.99383 0.00035 ( 3)
 163 C   0.99871 0.00000 0.00129 0.00000 ( 1)
 164 N   0.00000 0.80563 0.00000 0.19437 ( 2)
 165 L   0.00000 0.80563 0.00000 0.19437 ( 2)
 166 L   0.23053 0.59247 0.03406 0.14294 ( 2)
 167 C   0.99829 0.00000 0.00171 0.00000 ( 1)
 168 K   0.00000 0.80563 0.00000 0.19437 ( 2)
 169 A   0.99751 0.00001 0.00247 0.00000 ( 1)
 170 T   0.71556 0.22748 0.00208 0.05488 ( 1)
 171 C   0.99863 0.00000 0.00137 0.00000 ( 1)
 172 K   0.02430 0.78353 0.00313 0.18904 ( 2)
 173 A   0.85153 0.00004 0.14842 0.00001 ( 1)


lnL = -7116.171971

Bayes Empirical Bayes (BEB) probabilities for 4 classes (class)
(amino acids refer to 1st sequence: Varanus_komodoensis|XM_044418991)

   1 A   0.32608 0.00224 0.67141 0.00027 ( 3)
   2 A   0.10537 0.51650 0.31236 0.06577 ( 2)
   3 W   0.00001 0.72242 0.00552 0.27205 ( 2)
   4 L   0.51602 0.05139 0.42569 0.00690 ( 1)
   5 S   0.00022 0.36857 0.47900 0.15221 ( 3)
   6 T   0.00099 0.01222 0.98406 0.00273 ( 3)
   7 S   0.00374 0.57319 0.28988 0.13319 ( 2)
   8 K   0.85565 0.09829 0.04113 0.00493 ( 1)
   9 T   0.00063 0.87682 0.00444 0.11811 ( 2)
  10 E   0.18611 0.07163 0.73477 0.00749 ( 3)
  11 I   0.99987 0.00000 0.00013 0.00000 ( 1)
  12 L   0.00001 0.92079 0.00003 0.07916 ( 2)
  13 D   0.75037 0.00506 0.24427 0.00031 ( 1)
  14 K   0.04753 0.36496 0.53719 0.05033 ( 3)
  15 F   0.62628 0.14115 0.22243 0.01015 ( 1)
  16 N   0.99997 0.00000 0.00002 0.00000 ( 1)
  17 S   0.00000 0.71043 0.00412 0.28545 ( 2)
  18 I   0.98018 0.01048 0.00885 0.00049 ( 1)
  19 R   0.99923 0.00011 0.00066 0.00000 ( 1)
  20 R   0.99820 0.00002 0.00179 0.00000 ( 1)
  21 S   0.00000 0.59047 0.00108 0.40846 ( 2)
  22 V   0.99911 0.00011 0.00078 0.00000 ( 1)
  23 Q   0.00000 0.54489 0.05343 0.40168 ( 2)
  24 P   0.99435 0.00446 0.00106 0.00013 ( 1)
  25 T   0.00000 0.86801 0.00000 0.13199 ( 2)
  26 A   0.99970 0.00004 0.00026 0.00000 ( 1)
  27 S   0.81374 0.17822 0.00345 0.00459 ( 1)
  28 N   0.99997 0.00000 0.00002 0.00000 ( 1)
  29 M   0.99993 0.00000 0.00007 0.00000 ( 1)
  30 L   0.98793 0.00771 0.00400 0.00036 ( 1)
  31 K   0.99993 0.00000 0.00006 0.00000 ( 1)
  32 M   0.99993 0.00000 0.00007 0.00000 ( 1)
  33 T   0.05397 0.44542 0.43481 0.06580 ( 2)
  34 W   0.99945 0.00002 0.00053 0.00000 ( 1)
  35 N   0.99027 0.00469 0.00484 0.00019 ( 1)
  36 E   0.00000 0.89443 0.00000 0.10557 ( 2)
  37 R   0.00162 0.92073 0.00199 0.07567 ( 2)
  38 A   0.96416 0.01531 0.01990 0.00063 ( 1)
  39 A   0.00017 0.90187 0.00057 0.09739 ( 2)
  40 E   0.98183 0.01684 0.00090 0.00044 ( 1)
  41 T   0.91821 0.01590 0.06500 0.00089 ( 1)
  42 A   0.99979 0.00000 0.00021 0.00000 ( 1)
  43 K   0.89736 0.09029 0.00885 0.00350 ( 1)
  44 N   0.00003 0.91453 0.00017 0.08527 ( 2)
  45 W   0.86921 0.04974 0.07808 0.00297 ( 1)
  46 S   0.55952 0.01192 0.42786 0.00070 ( 1)
  47 R   0.00000 0.83157 0.00000 0.16843 ( 2)
  48 K   0.00014 0.87268 0.00126 0.12592 ( 2)
  49 C   0.99990 0.00000 0.00010 0.00000 ( 1)
  50 R   0.03084 0.02210 0.94415 0.00291 ( 3)
  51 F   0.85236 0.00006 0.14758 0.00000 ( 1)
  52 P   0.36614 0.30001 0.30780 0.02604 ( 1)
  53 R   0.00000 0.66322 0.00000 0.33678 ( 2)
  54 E   0.00001 0.83604 0.00038 0.16357 ( 2)
  55 E   0.00000 0.88536 0.00004 0.11460 ( 2)
  56 R   0.99956 0.00000 0.00044 0.00000 ( 1)
  57 G   0.82620 0.16168 0.00529 0.00683 ( 1)
  58 I   0.00000 0.77396 0.00000 0.22603 ( 2)
  59 L   0.00000 0.80561 0.00000 0.19439 ( 2)
  60 C   0.99991 0.00000 0.00009 0.00000 ( 1)
  61 G   0.99986 0.00000 0.00014 0.00000 ( 1)
  62 E   0.99993 0.00000 0.00007 0.00000 ( 1)
  63 T   0.79551 0.00088 0.20354 0.00006 ( 1)
  64 R   0.00013 0.69793 0.07599 0.22595 ( 2)
  65 L   0.05607 0.86414 0.01391 0.06588 ( 2)
  66 R   0.00000 0.91122 0.00000 0.08878 ( 2)
  67 A   0.02634 0.03721 0.92904 0.00741 ( 3)
  68 T   0.00213 0.89263 0.00883 0.09640 ( 2)
  69 Y   0.00000 0.74737 0.00000 0.25263 ( 2)
  70 P   0.00046 0.92910 0.00007 0.07037 ( 2)
  71 S   0.00000 0.76042 0.00000 0.23957 ( 2)
  72 S   0.00000 0.62737 0.00001 0.37262 ( 2)
  73 W   0.99946 0.00001 0.00053 0.00000 ( 1)
  74 S   0.00000 0.88493 0.00000 0.11507 ( 2)
  75 D   0.00008 0.80557 0.01155 0.18281 ( 2)
  76 V   0.40685 0.53684 0.02564 0.03067 ( 2)
  77 I   0.99549 0.00274 0.00170 0.00007 ( 1)
  78 D   0.05598 0.76164 0.10767 0.07472 ( 2)
  79 T   0.00000 0.90703 0.00000 0.09297 ( 2)
  80 W   0.94847 0.00052 0.05098 0.00003 ( 1)
  81 N   0.00002 0.75807 0.01541 0.22650 ( 2)
  82 Q   0.00175 0.41219 0.51007 0.07599 ( 3)
  83 K   0.01143 0.12213 0.84640 0.02005 ( 3)
  84 A   0.00011 0.83287 0.00617 0.16085 ( 2)
  85 S   0.00000 0.86860 0.00002 0.13138 ( 2)
  86 N   0.60801 0.34931 0.02619 0.01648 ( 1)
  87 F   0.99979 0.00001 0.00020 0.00000 ( 1)
  88 E   0.01905 0.94508 0.00024 0.03562 ( 2)
  89 Y   0.98362 0.00003 0.01635 0.00000 ( 1)
  90 G   0.99978 0.00003 0.00019 0.00000 ( 1)
  91 V   0.00000 0.91407 0.00000 0.08593 ( 2)
  92 G   0.99875 0.00068 0.00055 0.00002 ( 1)
  93 A   0.00006 0.89040 0.00083 0.10871 ( 2)
  94 I   0.00000 0.88294 0.00001 0.11705 ( 2)
  95 N   0.00677 0.88968 0.00256 0.10099 ( 2)
  96 P   0.00000 0.94216 0.00000 0.05784 ( 2)
  97 R   0.00033 0.74851 0.06590 0.18526 ( 2)
  98 K   0.94787 0.04948 0.00133 0.00132 ( 1)
  99 N   0.00003 0.89427 0.00022 0.10549 ( 2)
 100 Y   0.99984 0.00001 0.00015 0.00000 ( 1)
 101 T   0.99980 0.00000 0.00020 0.00000 ( 1)
 102 Q   0.99951 0.00001 0.00048 0.00000 ( 1)
 103 I   0.95981 0.03239 0.00648 0.00132 ( 1)
 104 I   0.59261 0.39481 0.00208 0.01049 ( 1)
 105 W   0.99946 0.00001 0.00053 0.00000 ( 1)
 106 H   0.81012 0.06481 0.12131 0.00376 ( 1)
 107 D   0.43135 0.52416 0.01945 0.02505 ( 2)
 108 S   0.99834 0.00018 0.00148 0.00001 ( 1)
 109 H   0.66623 0.31118 0.00996 0.01263 ( 1)
 110 Q   0.00000 0.88695 0.00000 0.11305 ( 2)
 111 I   0.01587 0.76578 0.13062 0.08773 ( 2)
 112 G   0.99956 0.00002 0.00042 0.00000 ( 1)
 113 C   0.99991 0.00000 0.00009 0.00000 ( 1)
 114 A   0.23384 0.71932 0.00934 0.03750 ( 2)
 115 L   0.00012 0.92948 0.00010 0.07030 ( 2)
 116 V   0.00016 0.83630 0.00849 0.15505 ( 2)
 117 Y   0.00038 0.93622 0.00104 0.06237 ( 2)
 118 C   0.99985 0.00000 0.00014 0.00000 ( 1)
 119 S   0.00000 0.82489 0.00071 0.17439 ( 2)
 120 Y   0.98347 0.00025 0.01627 0.00001 ( 1)
 121 A   0.90333 0.04463 0.04957 0.00247 ( 1)
 122 C   0.99985 0.00000 0.00015 0.00000 ( 1)
 123 I   0.16633 0.59509 0.19188 0.04670 ( 2)
 124 Y   0.99739 0.00007 0.00253 0.00000 ( 1)
 125 C   0.99982 0.00003 0.00015 0.00000 ( 1)
 126 P   0.99487 0.00006 0.00507 0.00000 ( 1)
 127 V   0.00131 0.87224 0.00953 0.11692 ( 2)
 128 G   0.99944 0.00001 0.00055 0.00000 ( 1)
 129 N   0.99954 0.00000 0.00046 0.00000 ( 1)
 130 L   0.01613 0.88761 0.01445 0.08181 ( 2)
 131 A   0.00000 0.68303 0.00000 0.31697 ( 2)
 132 E   0.11805 0.52716 0.30173 0.05306 ( 2)
 133 E   0.00026 0.85454 0.01315 0.13205 ( 2)
 134 V   0.00002 0.80152 0.00111 0.19734 ( 2)
 135 A   0.00000 0.76145 0.00000 0.23855 ( 2)
 136 T   0.27364 0.51643 0.16743 0.04250 ( 2)
 137 P   0.99923 0.00002 0.00075 0.00000 ( 1)
 138 Y   0.99973 0.00005 0.00022 0.00000 ( 1)
 139 K   0.99901 0.00001 0.00098 0.00000 ( 1)
 140 K   0.00050 0.92939 0.00050 0.06961 ( 2)
 141 G   0.99968 0.00000 0.00032 0.00000 ( 1)
 142 P   0.00000 0.85482 0.00003 0.14514 ( 2)
 143 S   0.80017 0.01276 0.18599 0.00108 ( 1)
 144 C   0.99991 0.00000 0.00009 0.00000 ( 1)
 145 G   0.07714 0.77145 0.07556 0.07586 ( 2)
 146 D   0.95041 0.00038 0.04919 0.00002 ( 1)
 147 C   0.99985 0.00000 0.00015 0.00000 ( 1)
 148 P   0.99951 0.00007 0.00042 0.00000 ( 1)
 149 D   0.00000 0.69733 0.00153 0.30114 ( 2)
 150 T   0.00066 0.86695 0.00689 0.12550 ( 2)
 151 C   0.99988 0.00000 0.00012 0.00000 ( 1)
 152 E   0.99994 0.00000 0.00006 0.00000 ( 1)
 153 D   0.99196 0.00749 0.00036 0.00019 ( 1)
 154 K   0.56846 0.41875 0.00114 0.01165 ( 1)
 155 L   0.99824 0.00018 0.00157 0.00001 ( 1)
 156 C   0.99985 0.00000 0.00015 0.00000 ( 1)
 157 C   0.99984 0.00000 0.00016 0.00000 ( 1)
 158 K   0.02147 0.91801 0.00312 0.05741 ( 2)
 159 Y   0.81722 0.17842 0.00032 0.00404 ( 1)
 160 F   0.00000 0.83088 0.00000 0.16912 ( 2)
 161 D   0.99924 0.00043 0.00032 0.00001 ( 1)
 162 D   0.02258 0.00165 0.97555 0.00023 ( 3)
 163 C   0.99989 0.00000 0.00011 0.00000 ( 1)
 164 N   0.00000 0.77877 0.00000 0.22123 ( 2)
 165 L   0.00000 0.69937 0.00005 0.30058 ( 2)
 166 L   0.50190 0.45353 0.01598 0.02860 ( 1)
 167 C   0.99985 0.00000 0.00015 0.00000 ( 1)
 168 K   0.00000 0.76442 0.00000 0.23558 ( 2)
 169 A   0.99972 0.00002 0.00026 0.00000 ( 1)
 170 T   0.90485 0.09289 0.00030 0.00195 ( 1)
 171 C   0.99988 0.00000 0.00012 0.00000 ( 1)
 172 K   0.15283 0.81392 0.00209 0.03117 ( 2)
 173 A   0.98001 0.00004 0.01994 0.00000 ( 1)

Ancestral reconstruction by CODONML.

((((((Gekko_japonicus|XM_015422559: 1.106343, ((Lacerta_agilis|XM_033158671: 0.121801, Lacerta_agilis|XM_033145639: 0.071667): 0.159273, Podarcis_muralis|XM_028721930: 0.239095): 0.477127): 0.336934, Gekko_japonicus|XM_015422558: 1.114811): 0.136910, (Gekko_japonicus|XM_015422562: 0.710457, (((Zootoca_vivipara|XM_035110635: 0.091238, (Lacerta_agilis|XM_033145345: 0.035824, Lacerta_agilis|XM_033145636: 0.011302): 0.086540): 0.220190, (Lacerta_agilis|XM_033145635: 0.000004, (Lacerta_agilis|XM_033145348: 0.038661, Zootoca_vivipara|XM_035110636: 0.349300): 0.089992): 0.445580): 0.081803, (Lacerta_agilis|XM_033145347: 0.103499, Zootoca_vivipara|XM_035110431: 0.073225): 0.082271): 0.581608): 0.095064): 0.000004, Varanus_komodoensis|XM_044454617: 0.665815): 0.038846, Varanus_komodoensis|XM_044454310: 1.236542): 0.554931, (((((Gekko_japonicus|XM_015411239: 0.823341, Zootoca_vivipara|XM_035110872: 0.918945): 0.065565, Varanus_komodoensis|XM_044418997: 1.166273): 0.051166, Varanus_komodoensis|XM_044418996: 0.944222): 0.000004, Varanus_komodoensis|XM_044418998: 0.916195): 0.038362, Varanus_komodoensis|XM_044418991: 0.822907): 0.620249): 0.144654;

((((((7, ((10, 9), 11)), 13), (12, (((16, (14, 15)), (20, (19, 21))), (17, 18)))), 22), 8), (((((4, 5), 6), 2), 3), 1));

  23..24   24..25   25..26   26..27   27..28   28..7    28..29   29..30   30..10   30..9    29..11   27..13   26..31   31..12   31..32   32..33   33..34   34..16   34..35   35..14   35..15   33..36   36..20   36..37   37..19   37..21   32..38   38..17   38..18   25..22   24..8    23..39   39..40   40..41   41..42   42..43   43..4    43..5    42..6    41..2    40..3    39..1  

tree with node labels for Rod Page's TreeView
((((((7_Gekko_japonicus|XM_015422559, ((10_Lacerta_agilis|XM_033158671, 9_Lacerta_agilis|XM_033145639) 30 , 11_Podarcis_muralis|XM_028721930) 29 ) 28 , 13_Gekko_japonicus|XM_015422558) 27 , (12_Gekko_japonicus|XM_015422562, (((16_Zootoca_vivipara|XM_035110635, (14_Lacerta_agilis|XM_033145345, 15_Lacerta_agilis|XM_033145636) 35 ) 34 , (20_Lacerta_agilis|XM_033145635, (19_Lacerta_agilis|XM_033145348, 21_Zootoca_vivipara|XM_035110636) 37 ) 36 ) 33 , (17_Lacerta_agilis|XM_033145347, 18_Zootoca_vivipara|XM_035110431) 38 ) 32 ) 31 ) 26 , 22_Varanus_komodoensis|XM_044454617) 25 , 8_Varanus_komodoensis|XM_044454310) 24 , (((((4_Gekko_japonicus|XM_015411239, 5_Zootoca_vivipara|XM_035110872) 43 , 6_Varanus_komodoensis|XM_044418997) 42 , 2_Varanus_komodoensis|XM_044418996) 41 , 3_Varanus_komodoensis|XM_044418998) 40 , 1_Varanus_komodoensis|XM_044418991) 39 ) 23 ;

Nodes 23 to 43 are ancestral
Unreliable at sites with alignment gaps

(1) Marginal reconstruction of ancestral sequences
(eqn. 4 in Yang et al. 1995 Genetics 141:1641-1650).

Prob of best state at each node, listed by site

   site   Freq   Data: 

   1      1   GCG (A) TCC (S) AAG (K) --- (-) GCT (A) --- (-) GCT (A) GCT (A) GCT (A) --- (-) --- (-) GCT (A) GCC (A) GCT (A) GCT (A) GCT (A) GCT (A) --- (-) --- (-) GCT (A) GCT (A) GCT (A) :  GCT A 0.632 (A 0.998) GCT A 0.989 (A 1.000) GCT A 0.997 (A 1.000) GCT A 0.997 (A 1.000) GCT A 0.975 (A 1.000) GCT A 0.980 (A 1.000) GCT A 0.979 (A 1.000) GCT A 0.992 (A 1.000) GCT A 0.997 (A 1.000) GCT A 1.000 (A 1.000) GCT A 1.000 (A 1.000) GCT A 1.000 (A 1.000) GCT A 1.000 (A 1.000) GCT A 1.000 (A 1.000) GCT A 0.996 (A 1.000) GCT A 0.999 (A 1.000) GCG A 0.477 (A 0.999) GCG A 0.469 (A 0.999) GCG A 0.469 (A 0.999) GCG A 0.441 (A 0.999) GCG A 0.406 (A 0.999)
   2      1   GCC (A) AAG (K) GAG (E) --- (-) GCT (A) --- (-) ACC (T) GCA (A) GCG (A) --- (-) --- (-) GCC (A) GTT (V) GCT (A) GCT (A) GCT (A) GCT (A) --- (-) --- (-) GCT (A) GTT (V) GCT (A) :  GCT A 0.449 (A 0.842) GCT A 0.785 (A 0.995) GCT A 0.834 (A 0.999) GCT A 0.834 (A 0.999) GCT A 0.788 (A 0.979) GCT A 0.453 (A 0.945) GCG A 0.696 (A 0.969) GCG A 0.899 (A 0.989) GCT A 0.821 (A 0.998) GCT A 0.997 (A 0.999) GCT A 0.999 (A 0.999) GCT A 1.000 (A 1.000) GCT A 1.000 (A 1.000) GCT A 1.000 (A 1.000) GCT A 0.779 (A 0.781) GCT A 0.996 (A 0.998) GCG A 0.311 (A 0.804) GCG A 0.328 (A 0.774) GCG A 0.328 (A 0.774) GCG A 0.311 (A 0.776) GCT A 0.303 (A 0.780)
   3      1   TGG (W) GTG (V) CTG (L) --- (-) GTG (V) --- (-) GAG (E) ATC (I) GTG (V) --- (-) --- (-) GCG (A) GGA (G) GTG (V) GTG (V) GTG (V) CTT (L) --- (-) --- (-) CTT (L) CTT (L) CTG (L) :  GTG V 0.722 (V 0.742) GTG V 0.798 (V 0.806) GTG V 0.813 (V 0.815) GTG V 0.813 (V 0.815) GTG V 0.896 (V 0.908) GTG V 0.917 (V 0.926) GTG V 0.951 (V 0.961) GTG V 0.982 (V 0.986) GTG V 0.783 (V 0.799) CTT L 0.501 (L 0.693) CTT L 0.489 (L 0.682) GTG V 0.994 (V 0.998) GTG V 1.000 (V 1.000) CTT L 1.000 (L 1.000) CTT L 0.996 (L 0.997) CTT L 0.695 (L 0.818) GTG V 0.757 (V 0.757) GTG V 0.775 (V 0.775) GTG V 0.775 (V 0.775) GTG V 0.776 (V 0.779) GTG V 0.778 (V 0.784)
   4      1   CTC (L) GCA (A) CTT (L) --- (-) CTG (L) --- (-) TTG (L) TTA (L) CTG (L) --- (-) --- (-) CTG (L) CTC (L) TTG (L) TTA (L) TTA (L) CTG (L) --- (-) --- (-) CTG (L) CTG (L) CTG (L) :  CTG L 0.819 (L 0.999) CTG L 0.968 (L 1.000) CTG L 1.000 (L 1.000) CTG L 1.000 (L 1.000) CTG L 0.995 (L 1.000) CTG L 0.975 (L 1.000) CTG L 0.988 (L 1.000) CTG L 0.996 (L 1.000) CTG L 1.000 (L 1.000) CTG L 0.996 (L 1.000) CTG L 0.966 (L 1.000) TTA L 0.849 (L 1.000) TTA L 0.855 (L 1.000) CTG L 1.000 (L 1.000) CTG L 0.999 (L 1.000) CTG L 0.997 (L 1.000) CTG L 0.695 (L 1.000) CTG L 0.695 (L 1.000) CTG L 0.695 (L 1.000) CTG L 0.707 (L 1.000) CTG L 0.722 (L 1.000)
   5      1   TCC (S) GAA (E) CAA (Q) --- (-) CAA (Q) --- (-) CAC (H) TGT (C) CAT (H) --- (-) --- (-) CGA (R) CAT (H) CAA (Q) CAA (Q) CAA (Q) GAA (E) --- (-) --- (-) CAA (Q) CAA (Q) CAA (Q) :  CAA Q 0.891 (Q 0.911) CAA Q 0.944 (Q 0.948) CAA Q 0.964 (Q 0.965) CAA Q 0.964 (Q 0.965) CAA Q 0.531 (Q 0.547) CAT H 0.489 (H 0.665) CAT H 0.785 (H 0.855) CAT H 0.926 (H 0.950) CAA Q 0.968 (Q 0.969) CAA Q 0.972 (Q 0.972) CAA Q 0.996 (Q 0.996) CAA Q 1.000 (Q 1.000) CAA Q 1.000 (Q 1.000) CAA Q 1.000 (Q 1.000) CAA Q 0.995 (Q 0.996) CAA Q 0.547 (Q 0.547) CAA Q 0.940 (Q 0.944) CAA Q 0.967 (Q 0.970) CAA Q 0.967 (Q 0.970) CAA Q 0.961 (Q 0.966) CAA Q 0.954 (Q 0.961)
   6      1   ACT (T) GAG (E) GAT (D) --- (-) CAG (Q) --- (-) CAG (Q) CAA (Q) CAA (Q) --- (-) --- (-) CAA (Q) CAG (Q) CAA (Q) CAA (Q) CAA (Q) CAG (Q) --- (-) --- (-) CAG (Q) CAG (Q) CCA (P) :  CAA Q 0.491 (Q 0.972) CAA Q 0.786 (Q 1.000) CAA Q 0.790 (Q 1.000) CAA Q 0.790 (Q 1.000) CAA Q 0.723 (Q 1.000) CAA Q 0.716 (Q 1.000) CAA Q 0.904 (Q 0.999) CAA Q 0.970 (Q 1.000) CAA Q 0.782 (Q 1.000) CAG Q 0.722 (Q 1.000) CAG Q 0.703 (Q 1.000) CAA Q 0.995 (Q 1.000) CAA Q 1.000 (Q 1.000) CAG Q 1.000 (Q 1.000) CAG Q 0.999 (Q 1.000) CAG Q 0.845 (Q 1.000) CAG Q 0.776 (Q 0.949) CAG Q 0.797 (Q 0.949) CAG Q 0.797 (Q 0.949) CAG Q 0.805 (Q 0.951) CAG Q 0.815 (Q 0.954)
   7      1   TCC (S) AAC (N) CAA (Q) --- (-) TCC (S) --- (-) TAT (Y) TCA (S) TCT (S) --- (-) --- (-) TCC (S) TGT (C) CCT (P) CCT (P) CCT (P) CCA (P) --- (-) --- (-) CCT (P) CCT (P) TCT (S) :  TCT S 0.384 (S 0.822) TCT S 0.894 (S 0.996) TCT S 0.955 (S 0.998) TCT S 0.955 (S 0.998) TCT S 0.932 (S 0.954) TCT S 0.903 (S 0.916) TCT S 0.937 (S 0.952) TCT S 0.977 (S 0.983) TCT S 0.908 (S 0.975) CCT P 0.932 (P 0.995) CCT P 0.991 (P 0.999) CCT P 1.000 (P 1.000) CCT P 1.000 (P 1.000) CCT P 1.000 (P 1.000) CCT P 0.996 (P 0.997) CCT P 0.511 (P 0.996) TCC S 0.724 (S 0.765) TCC S 0.687 (S 0.723) TCC S 0.687 (S 0.723) TCC S 0.691 (S 0.729) TCC S 0.697 (S 0.737)
   8      1   AAG (K) CAG (Q) CAG (Q) --- (-) CAG (Q) AAG (K) CAG (Q) CAA (Q) AAA (K) --- (-) --- (-) CAG (Q) CAG (Q) CGA (R) CGA (R) CGA (R) CAA (Q) --- (-) CGA (R) CGA (R) CGA (R) CAG (Q) :  CAG Q 0.958 (Q 0.990) CAG Q 0.963 (Q 1.000) CAG Q 0.970 (Q 1.000) CAG Q 0.970 (Q 1.000) CAG Q 0.966 (Q 0.999) CAG Q 0.877 (Q 0.980) AAA K 0.459 (K 0.677) AAA K 0.806 (K 0.898) CAG Q 0.949 (Q 0.999) CAA Q 0.940 (Q 0.945) CGA R 0.956 (R 0.957) CGA R 1.000 (R 1.000) CGA R 1.000 (R 1.000) CGA R 1.000 (R 1.000) CGA R 1.000 (R 1.000) CAA Q 0.966 (Q 0.969) CAG Q 0.997 (Q 0.997) CAG Q 0.999 (Q 0.999) CAG Q 0.999 (Q 0.999) CAG Q 0.997 (Q 0.998) CAG Q 0.993 (Q 0.996)
   9      1   ACA (T) AAG (K) GAG (E) --- (-) GTG (V) GAA (E) AAT (N) AAT (N) AAG (K) --- (-) --- (-) CAG (Q) AAG (K) AAT (N) AAG (K) AAG (K) AAG (K) --- (-) CAG (Q) CAG (Q) CAG (Q) CAG (Q) :  AAG K 0.550 (K 0.608) AAG K 0.799 (K 0.806) AAG K 0.812 (K 0.813) AAG K 0.812 (K 0.813) AAG K 0.874 (K 0.879) AAG K 0.865 (K 0.890) AAG K 0.907 (K 0.927) AAG K 0.965 (K 0.973) AAG K 0.788 (K 0.790) AAG K 0.944 (K 0.945) AAG K 0.936 (K 0.936) AAG K 0.999 (K 0.999) AAG K 0.995 (K 0.995) CAG Q 1.000 (Q 1.000) CAG Q 1.000 (Q 1.000) AAG K 0.965 (K 0.966) AAG K 0.475 (K 0.543) AAG K 0.447 (K 0.499) AAG K 0.447 (K 0.499) GAG E 0.478 (E 0.539) GAG E 0.461 (E 0.518)
  10      1   GAG (E) ATT (I) GAA (E) --- (-) GAA (E) GAC (D) GAG (E) GAG (E) GAG (E) --- (-) --- (-) GAA (E) GAA (E) CAG (Q) CAG (Q) CAG (Q) CAA (Q) --- (-) GAA (E) GAA (E) GAA (E) CAG (Q) :  GAG E 0.544 (E 0.980) GAG E 0.674 (E 0.992) GAG E 0.670 (E 0.991) GAG E 0.670 (E 0.991) GAG E 0.683 (E 0.994) GAG E 0.855 (E 0.995) GAG E 0.937 (E 0.995) GAG E 0.979 (E 0.998) GAA E 0.549 (E 0.987) CAA Q 0.746 (Q 0.899) CAA Q 0.715 (Q 0.899) CAG Q 0.995 (Q 1.000) CAG Q 1.000 (Q 1.000) GAA E 1.000 (E 1.000) GAA E 1.000 (E 1.000) CAA Q 0.853 (Q 0.942) GAA E 0.565 (E 0.989) GAA E 0.609 (E 0.988) GAA E 0.609 (E 0.988) GAA E 0.624 (E 0.987) GAA E 0.644 (E 0.986)
  11      1   ATT (I) ATT (I) ATT (I) --- (-) ATT (I) ATT (I) ATC (I) ATC (I) ATT (I) --- (-) --- (-) ATT (I) ATT (I) ATA (I) ATT (I) ATT (I) ATT (I) --- (-) ATT (I) ATT (I) ATT (I) ATT (I) :  ATT I 0.974 (I 0.999) ATT I 0.990 (I 1.000) ATT I 0.999 (I 1.000) ATT I 0.999 (I 1.000) ATT I 0.994 (I 1.000) ATT I 0.949 (I 1.000) ATT I 0.977 (I 1.000) ATT I 0.992 (I 1.000) ATT I 0.999 (I 1.000) ATT I 1.000 (I 1.000) ATT I 1.000 (I 1.000) ATT I 1.000 (I 1.000) ATT I 0.996 (I 1.000) ATT I 1.000 (I 1.000) ATT I 1.000 (I 1.000) ATT I 0.999 (I 1.000) ATT I 0.999 (I 1.000) ATT I 1.000 (I 1.000) ATT I 1.000 (I 1.000) ATT I 0.999 (I 1.000) ATT I 0.996 (I 1.000)
  12      1   CTT (L) ATT (I) CTT (L) --- (-) GTT (V) GTT (V) TGT (C) ATT (I) GTG (V) --- (-) --- (-) ACT (T) GTT (V) GTT (V) CTT (L) GTT (V) CTT (L) --- (-) CTG (L) CTG (L) CTT (L) GTT (V) :  CTT L 0.391 (V 0.399) GTT V 0.638 (V 0.638) GTT V 0.672 (V 0.672) GTT V 0.672 (V 0.672) GTT V 0.749 (V 0.758) GTT V 0.666 (V 0.747) GTG V 0.612 (V 0.902) GTG V 0.868 (V 0.968) GTT V 0.544 (V 0.545) CTT L 0.950 (L 0.951) CTT L 0.944 (L 0.948) CTT L 0.676 (L 0.676) CTT L 0.688 (L 0.688) CTG L 1.000 (L 1.000) CTG L 0.999 (L 1.000) CTT L 0.971 (L 0.972) CTT L 0.668 (L 0.669) CTT L 0.662 (L 0.662) CTT L 0.662 (L 0.662) CTT L 0.558 (L 0.559) CTT L 0.517 (L 0.519)
  13      1   GAC (D) GAG (E) GAG (E) --- (-) GAA (E) CAT (H) GAC (D) AAC (N) GAC (D) --- (-) --- (-) GAA (E) GAC (D) GAC (D) GAC (D) GAC (D) GAC (D) --- (-) GAC (D) GAC (D) GAC (D) GAC (D) :  GAC D 0.595 (D 0.723) GAC D 0.979 (D 0.991) GAC D 0.992 (D 0.997) GAC D 0.992 (D 0.997) GAC D 0.989 (D 0.999) GAC D 0.977 (D 0.999) GAC D 0.972 (D 0.999) GAC D 0.989 (D 0.999) GAC D 0.980 (D 0.994) GAC D 0.999 (D 1.000) GAC D 0.999 (D 1.000) GAC D 1.000 (D 1.000) GAC D 1.000 (D 1.000) GAC D 1.000 (D 1.000) GAC D 1.000 (D 1.000) GAC D 0.998 (D 1.000) GAG E 0.447 (E 0.565) GAG E 0.557 (E 0.696) GAG E 0.557 (E 0.696) GAG E 0.528 (E 0.701) GAG E 0.497 (E 0.721)
  14      1   AAA (K) AAG (K) GCA (A) --- (-) CAA (Q) TTC (F) AAA (K) AAG (K) ACA (T) ACT (T) --- (-) AGG (R) AAG (K) AAG (K) AAG (K) AAG (K) AAG (K) --- (-) AAG (K) AAG (K) AAG (K) AAG (K) :  AAG K 0.515 (K 0.886) AAG K 0.969 (K 0.994) AAG K 0.981 (K 0.997) AAG K 0.981 (K 0.997) AAG K 0.899 (K 0.984) AAA K 0.549 (K 0.891) ACA T 0.582 (T 0.734) ACA T 0.845 (T 0.999) AAG K 0.973 (K 0.983) AAG K 0.999 (K 0.999) AAG K 0.999 (K 1.000) AAG K 1.000 (K 1.000) AAG K 1.000 (K 1.000) AAG K 1.000 (K 1.000) AAG K 1.000 (K 1.000) AAG K 0.997 (K 0.998) AAA K 0.770 (K 0.904) AAA K 0.765 (K 0.893) AAA K 0.765 (K 0.893) AAA K 0.718 (K 0.831) AAA K 0.666 (K 0.766)
  15      1   TTT (F) CAC (H) CTG (L) --- (-) ATC (I) CAC (H) CAC (H) CAC (H) CAC (H) CAA (Q) --- (-) CAC (H) CAC (H) CAC (H) CAC (H) CAC (H) CAC (H) --- (-) CAC (H) CAC (H) CAC (H) CAC (H) :  CAC H 0.629 (H 0.651) CAC H 0.994 (H 0.994) CAC H 1.000 (H 1.000) CAC H 1.000 (H 1.000) CAC H 0.998 (H 0.999) CAC H 0.989 (H 0.994) CAC H 0.968 (H 0.976) CAC H 0.974 (H 0.977) CAC H 0.999 (H 0.999) CAC H 1.000 (H 1.000) CAC H 1.000 (H 1.000) CAC H 1.000 (H 1.000) CAC H 1.000 (H 1.000) CAC H 1.000 (H 1.000) CAC H 1.000 (H 1.000) CAC H 0.999 (H 0.999) CTC L 0.631 (L 0.645) CTC L 0.642 (L 0.651) CTC L 0.642 (L 0.651) CTC L 0.639 (L 0.646) CTC L 0.605 (L 0.613)
  16      1   AAT (N) AAC (N) AAT (N) --- (-) AAT (N) AAT (N) AAT (N) AAT (N) AAT (N) AAG (K) --- (-) AAT (N) AAT (N) AAT (N) AAT (N) AAT (N) AAT (N) --- (-) AAT (N) AAT (N) AAT (N) AAT (N) :  AAT N 0.940 (N 0.997) AAT N 0.996 (N 1.000) AAT N 0.999 (N 1.000) AAT N 0.999 (N 1.000) AAT N 0.994 (N 1.000) AAT N 0.982 (N 1.000) AAT N 0.968 (N 0.989) AAT N 0.978 (N 0.986) AAT N 0.997 (N 1.000) AAT N 0.999 (N 1.000) AAT N 0.999 (N 1.000) AAT N 1.000 (N 1.000) AAT N 1.000 (N 1.000) AAT N 1.000 (N 1.000) AAT N 1.000 (N 1.000) AAT N 0.998 (N 1.000) AAT N 0.977 (N 1.000) AAT N 0.977 (N 1.000) AAT N 0.977 (N 1.000) AAT N 0.977 (N 1.000) AAT N 0.970 (N 1.000)
  17      1   AGC (S) CTA (L) TCC (S) --- (-) GAA (E) ATG (M) GCT (A) GAC (D) AAG (K) ATT (I) --- (-) GAC (D) GAC (D) GCC (A) GCC (A) GCG (A) GCC (A) --- (-) GCC (A) GCC (A) GCC (A) GAC (D) :  GAC D 0.256 (D 0.284) GAC D 0.866 (D 0.878) GAC D 0.900 (D 0.909) GAC D 0.900 (D 0.909) GAC D 0.769 (D 0.843) GAT D 0.297 (D 0.567) AAT N 0.370 (N 0.453) AAT N 0.529 (N 0.556) GAC D 0.859 (D 0.867) GCC A 0.993 (A 0.994) GCC A 0.996 (A 0.998) GCC A 0.962 (A 1.000) GCC A 1.000 (A 1.000) GCC A 1.000 (A 1.000) GCC A 1.000 (A 1.000) GCC A 0.993 (A 0.995) ATC I 0.188 (I 0.240) ATC I 0.195 (I 0.261) ATC I 0.195 (I 0.261) ATC I 0.179 (I 0.255) ATC I 0.143 (I 0.217)
  18      1   ATT (I) CTC (L) ATA (I) --- (-) ATT (I) ATC (I) CTC (L) CTA (L) CTA (L) CTA (L) --- (-) CTC (L) CTA (L) CTG (L) CTG (L) CTG (L) CTG (L) --- (-) CTG (L) CTG (L) CTG (L) CTG (L) :  ATA I 0.209 (L 0.543) CTA L 0.638 (L 1.000) CTA L 0.621 (L 1.000) CTA L 0.621 (L 1.000) CTA L 0.763 (L 1.000) CTA L 0.793 (L 1.000) CTA L 0.942 (L 1.000) CTA L 1.000 (L 1.000) CTA L 0.494 (L 1.000) CTG L 0.998 (L 1.000) CTG L 1.000 (L 1.000) CTG L 1.000 (L 1.000) CTG L 1.000 (L 1.000) CTG L 1.000 (L 1.000) CTG L 1.000 (L 1.000) CTG L 0.999 (L 1.000) ATC I 0.452 (I 0.996) ATC I 0.479 (I 0.997) ATC I 0.479 (I 0.997) ATC I 0.486 (I 0.998) ATC I 0.454 (I 0.998)
  19      1   AGG (R) AGG (R) CGG (R) --- (-) AGG (R) AGG (R) AGG (R) CGG (R) CGC (R) CGC (R) --- (-) CGG (R) CGC (R) CGG (R) CGG (R) CGG (R) CGG (R) --- (-) CGG (R) CGG (R) CGG (R) CGG (R) :  CGG R 0.511 (R 0.998) CGG R 0.996 (R 1.000) CGG R 1.000 (R 1.000) CGG R 1.000 (R 1.000) CGG R 0.902 (R 1.000) CGG R 0.859 (R 1.000) CGC R 0.762 (R 1.000) CGC R 0.999 (R 1.000) CGG R 1.000 (R 1.000) CGG R 1.000 (R 1.000) CGG R 1.000 (R 1.000) CGG R 1.000 (R 1.000) CGG R 1.000 (R 1.000) CGG R 1.000 (R 1.000) CGG R 1.000 (R 1.000) CGG R 1.000 (R 1.000) AGG R 0.978 (R 1.000) AGG R 0.981 (R 1.000) AGG R 0.981 (R 1.000) AGG R 0.986 (R 1.000) AGG R 0.983 (R 1.000)
  20      1   AGA (R) GGA (G) AGA (R) --- (-) AGG (R) AGG (R) AGA (R) AGA (R) AGA (R) AGA (R) --- (-) AGA (R) AGA (R) AGA (R) AGA (R) AGA (R) AGA (R) --- (-) AGA (R) AGA (R) AGA (R) AGA (R) :  AGA R 0.962 (R 0.999) AGA R 0.999 (R 1.000) AGA R 1.000 (R 1.000) AGA R 1.000 (R 1.000) AGA R 0.999 (R 1.000) AGA R 0.996 (R 1.000) AGA R 0.994 (R 1.000) AGA R 1.000 (R 1.000) AGA R 0.999 (R 1.000) AGA R 1.000 (R 1.000) AGA R 1.000 (R 1.000) AGA R 1.000 (R 1.000) AGA R 1.000 (R 1.000) AGA R 1.000 (R 1.000) AGA R 1.000 (R 1.000) AGA R 0.999 (R 1.000) AGA R 0.968 (R 1.000) AGA R 0.963 (R 1.000) AGA R 0.963 (R 1.000) AGA R 0.781 (R 1.000) AGA R 0.729 (R 1.000)
  21      1   TCG (S) GCA (A) AAT (N) --- (-) GAG (E) AAA (K) --- (-) ACA (T) GAA (E) GAA (E) --- (-) AGT (S) AAA (K) GGA (G) GGA (G) GGA (G) GAA (E) --- (-) CAA (Q) CAA (Q) GAA (E) GGC (G) :  GAA E 0.269 (E 0.344) GAA E 0.361 (E 0.370) GAA E 0.386 (E 0.393) GAA E 0.386 (E 0.393) GAA E 0.439 (E 0.449) GAA E 0.525 (E 0.549) GAA E 0.819 (E 0.836) GAA E 0.996 (E 0.996) GAA E 0.364 (E 0.373) GAA E 0.812 (E 0.813) GAA E 0.774 (E 0.774) GGA G 0.992 (G 0.992) GGA G 1.000 (G 1.000) CAA Q 1.000 (Q 1.000) CAA Q 0.999 (Q 0.999) GAA E 0.889 (E 0.890) GAA E 0.257 (E 0.416) GAA E 0.283 (E 0.444) GAA E 0.283 (E 0.444) GAA E 0.299 (E 0.472) GAA E 0.289 (E 0.485)
  22      1   GTG (V) GTG (V) GTG (V) --- (-) GTG (V) GTA (V) --- (-) GTG (V) GTC (V) GTC (V) --- (-) GTG (V) GTG (V) GTG (V) GTG (V) GTG (V) GTG (V) --- (-) GTG (V) GTG (V) GTG (V) GTG (V) :  GTG V 0.974 (V 0.999) GTG V 0.999 (V 1.000) GTG V 1.000 (V 1.000) GTG V 1.000 (V 1.000) GTG V 0.974 (V 1.000) GTG V 0.593 (V 1.000) GTC V 0.808 (V 1.000) GTC V 0.998 (V 1.000) GTG V 1.000 (V 1.000) GTG V 1.000 (V 1.000) GTG V 1.000 (V 1.000) GTG V 1.000 (V 1.000) GTG V 1.000 (V 1.000) GTG V 1.000 (V 1.000) GTG V 1.000 (V 1.000) GTG V 0.999 (V 1.000) GTG V 0.999 (V 1.000) GTG V 0.999 (V 1.000) GTG V 0.999 (V 1.000) GTG V 0.990 (V 1.000) GTG V 0.986 (V 1.000)
  23      1   CAG (Q) CAG (Q) ACG (T) --- (-) AAA (K) TTC (F) CAA (Q) GAT (D) CAA (Q) CAA (Q) --- (-) AAT (N) GAG (E) CAG (Q) CAG (Q) CAG (Q) AAG (K) --- (-) AAG (K) AAG (K) AGG (R) ACC (T) :  AAG K 0.459 (K 0.537) AAG K 0.552 (K 0.688) AAG K 0.570 (K 0.714) AAG K 0.570 (K 0.714) AAG K 0.386 (K 0.576) CAA Q 0.653 (Q 0.787) CAA Q 0.889 (Q 0.930) CAA Q 0.999 (Q 0.999) AAG K 0.611 (K 0.737) AAG K 0.954 (K 0.956) AAG K 0.920 (K 0.921) CAG Q 0.996 (Q 0.996) CAG Q 1.000 (Q 1.000) AAG K 1.000 (K 1.000) AAG K 0.997 (K 0.997) AAG K 0.970 (K 0.972) AAG K 0.493 (K 0.506) AAG K 0.504 (K 0.517) AAG K 0.504 (K 0.517) AAG K 0.461 (K 0.496) AAG K 0.441 (K 0.507)
  24      1   CCG (P) CCG (P) CCT (P) --- (-) CCT (P) CCA (P) GAG (E) CCC (P) CCA (P) CCA (P) --- (-) CCA (P) CCA (P) CCG (P) CCG (P) CCA (P) CCA (P) --- (-) CCA (P) CCA (P) CCA (P) CCA (P) :  CCA P 0.599 (P 0.999) CCA P 0.953 (P 1.000) CCA P 0.999 (P 1.000) CCA P 0.999 (P 1.000) CCA P 0.999 (P 1.000) CCA P 0.981 (P 0.995) CCA P 0.992 (P 0.999) CCA P 1.000 (P 1.000) CCA P 1.000 (P 1.000) CCA P 1.000 (P 1.000) CCA P 0.999 (P 1.000) CCA P 0.968 (P 1.000) CCG P 0.999 (P 1.000) CCA P 1.000 (P 1.000) CCA P 1.000 (P 1.000) CCA P 1.000 (P 1.000) CCG P 0.620 (P 1.000) CCG P 0.610 (P 1.000) CCG P 0.610 (P 1.000) CCG P 0.565 (P 1.000) CCG P 0.524 (P 1.000)
  25      1   ACT (T) CCT (P) CCT (P) --- (-) TCT (S) GAA (E) GGT (G) CCA (P) TCT (S) TCT (S) --- (-) AGT (S) AAG (K) ACG (T) ACT (T) AGT (S) ACT (T) --- (-) AGT (S) AGT (S) CCC (P) CCT (P) :  CCT P 0.761 (P 0.776) CCT P 0.745 (P 0.750) CCT P 0.717 (P 0.717) CCT P 0.717 (P 0.717) CCT P 0.531 (P 0.534) CCT P 0.313 (P 0.314) TCT S 0.779 (S 0.787) TCT S 0.997 (S 0.998) ACT T 0.595 (T 0.596) ACT T 0.947 (T 0.947) ACT T 0.839 (T 0.839) ACT T 0.820 (T 0.820) ACT T 0.995 (T 1.000) AGT S 1.000 (S 1.000) AGT S 0.992 (S 0.996) ACT T 0.967 (T 0.968) CCT P 0.880 (P 0.880) CCT P 0.908 (P 0.909) CCT P 0.908 (P 0.909) CCT P 0.829 (P 0.833) CCT P 0.768 (P 0.774)
  26      1   GCC (A) GCC (A) GCC (A) --- (-) GCC (A) GCC (A) GGC (G) GCT (A) GCT (A) GCT (A) --- (-) GCC (A) GCT (A) GCA (A) GCA (A) GCA (A) GCA (A) --- (-) GCA (A) GCA (A) GCA (A) GCT (A) :  GCC A 0.516 (A 0.999) GCT A 0.838 (A 1.000) GCT A 0.846 (A 1.000) GCT A 0.846 (A 1.000) GCT A 0.864 (A 1.000) GCT A 0.836 (A 0.996) GCT A 0.948 (A 0.999) GCT A 0.999 (A 1.000) GCT A 0.682 (A 1.000) GCA A 0.994 (A 1.000) GCA A 0.999 (A 1.000) GCA A 1.000 (A 1.000) GCA A 1.000 (A 1.000) GCA A 1.000 (A 1.000) GCA A 1.000 (A 1.000) GCA A 0.996 (A 1.000) GCC A 0.991 (A 1.000) GCC A 0.997 (A 1.000) GCC A 0.997 (A 1.000) GCC A 0.996 (A 1.000) GCC A 0.988 (A 1.000)
  27      1   AGT (S) AGC (S) AGC (S) --- (-) AGC (S) AGC (S) AAA (K) AAA (K) AGC (S) AGC (S) --- (-) AGA (R) TCC (S) AGC (S) AGC (S) AGC (S) AGC (S) --- (-) AGC (S) AGC (S) AGC (S) AGC (S) :  AGC S 0.884 (S 0.921) AGC S 0.968 (S 0.973) AGC S 0.986 (S 0.987) AGC S 0.986 (S 0.987) AGC S 0.946 (S 0.950) AGC S 0.889 (S 0.907) AGC S 0.950 (S 0.962) AGC S 0.999 (S 0.999) AGC S 0.972 (S 0.978) AGC S 0.999 (S 0.999) AGC S 0.999 (S 1.000) AGC S 1.000 (S 1.000) AGC S 1.000 (S 1.000) AGC S 1.000 (S 1.000) AGC S 1.000 (S 1.000) AGC S 0.997 (S 0.998) AGC S 0.973 (S 0.996) AGC S 0.992 (S 0.999) AGC S 0.992 (S 0.999) AGC S 0.990 (S 0.997) AGC S 0.974 (S 0.985)
  28      1   AAT (N) AAT (N) AAT (N) --- (-) AAC (N) AAT (N) AAC (N) AAC (N) AAC (N) AAC (N) --- (-) AAC (N) AAC (N) AAC (N) AAC (N) AAC (N) AAC (N) --- (-) AAC (N) AAC (N) AAC (N) AAC (N) :  AAC N 0.549 (N 0.997) AAC N 0.985 (N 1.000) AAC N 0.998 (N 1.000) AAC N 0.998 (N 1.000) AAC N 0.994 (N 1.000) AAC N 0.985 (N 1.000) AAC N 0.985 (N 1.000) AAC N 1.000 (N 1.000) AAC N 0.996 (N 1.000) AAC N 0.999 (N 1.000) AAC N 0.999 (N 1.000) AAC N 1.000 (N 1.000) AAC N 1.000 (N 1.000) AAC N 1.000 (N 1.000) AAC N 1.000 (N 1.000) AAC N 0.998 (N 1.000) AAT N 0.920 (N 1.000) AAT N 0.928 (N 1.000) AAT N 0.928 (N 1.000) AAT N 0.909 (N 1.000) AAT N 0.848 (N 0.999)
  29      2   ATG (M) ATG (M) ATG (M) --- (-) ATG (M) ATG (M) ATG (M) ATG (M) ATG (M) ATG (M) ATG (M) ATG (M) ATG (M) ATG (M) ATG (M) ATG (M) ATG (M) ATG (M) ATG (M) ATG (M) ATG (M) ATG (M) :  ATG M 0.999 (M 0.999) ATG M 1.000 (M 1.000) ATG M 1.000 (M 1.000) ATG M 1.000 (M 1.000) ATG M 1.000 (M 1.000) ATG M 1.000 (M 1.000) ATG M 1.000 (M 1.000) ATG M 1.000 (M 1.000) ATG M 1.000 (M 1.000) ATG M 1.000 (M 1.000) ATG M 1.000 (M 1.000) ATG M 1.000 (M 1.000) ATG M 1.000 (M 1.000) ATG M 1.000 (M 1.000) ATG M 1.000 (M 1.000) ATG M 1.000 (M 1.000) ATG M 1.000 (M 1.000) ATG M 1.000 (M 1.000) ATG M 1.000 (M 1.000) ATG M 1.000 (M 1.000) ATG M 1.000 (M 1.000)
  30      1   TTG (L) TTG (L) TTG (L) --- (-) CTG (L) CTG (L) CTG (L) CTG (L) GTG (V) GTG (V) GTG (V) CTG (L) CTG (L) CTG (L) CTG (L) CTG (L) CTC (L) CTG (L) CTG (L) CTG (L) CTG (L) CTG (L) :  CTG L 0.655 (L 0.999) CTG L 0.997 (L 1.000) CTG L 1.000 (L 1.000) CTG L 1.000 (L 1.000) CTG L 1.000 (L 1.000) CTG L 0.988 (L 0.995) GTG V 0.999 (V 0.999) GTG V 1.000 (V 1.000) CTG L 1.000 (L 1.000) CTG L 1.000 (L 1.000) CTG L 1.000 (L 1.000) CTG L 1.000 (L 1.000) CTG L 1.000 (L 1.000) CTG L 1.000 (L 1.000) CTG L 1.000 (L 1.000) CTG L 0.996 (L 1.000) TTG L 0.688 (L 1.000) TTG L 0.688 (L 1.000) TTG L 0.688 (L 1.000) CTG L 0.529 (L 1.000) CTG L 0.557 (L 1.000)
  31      1   AAA (K) AAA (K) AAA (K) --- (-) AAA (K) AAA (K) AAA (K) AAG (K) AAG (K) AAG (K) AAG (K) AGA (R) AAG (K) AAG (K) AAG (K) AAG (K) AAG (K) AAG (K) AAG (K) AAG (K) AAG (K) AAG (K) :  AAG K 0.508 (K 0.998) AAG K 0.960 (K 1.000) AAG K 0.970 (K 1.000) AAG K 0.970 (K 1.000) AAG K 0.969 (K 1.000) AAG K 0.932 (K 1.000) AAG K 0.998 (K 1.000) AAG K 1.000 (K 1.000) AAG K 0.942 (K 0.998) AAG K 1.000 (K 1.000) AAG K 1.000 (K 1.000) AAG K 1.000 (K 1.000) AAG K 1.000 (K 1.000) AAG K 1.000 (K 1.000) AAG K 1.000 (K 1.000) AAG K 1.000 (K 1.000) AAA K 0.986 (K 1.000) AAA K 0.994 (K 1.000) AAA K 0.994 (K 1.000) AAA K 0.993 (K 1.000) AAA K 0.987 (K 1.000)
