Supplemental results for CODEML (seqf: CRISP_subset_PAML_BSM14.phy  treef: CRISP_subtree_PAML_BSM14_labelled.tre)


TREE #  1


MLEs of dN/dS (w) for site classes (K=4)

site class             0        1       2a       2b
proportion       0.47212  0.37797  0.08325  0.06665
background w     0.06026  1.00000  0.06026  1.00000
foreground w     0.06026  1.00000  2.85390  2.85390

Naive Empirical Bayes (NEB) probabilities for 4 classes
(amino acids refer to 1st sequence: Naja_atra|AY324325)

   1 A   0.96433 0.01678 0.01818 0.00070 ( 1)
   2 A   0.29091 0.21686 0.45553 0.03670 ( 3)
   3 V   0.10246 0.38073 0.40068 0.11613 ( 3)
   4 L   0.74225 0.19535 0.04516 0.01724 ( 1)
   5 Q   0.44197 0.49795 0.02140 0.03867 ( 2)
   6 Q   0.25633 0.66449 0.01721 0.06197 ( 2)
   7 S   0.96111 0.01874 0.01933 0.00082 ( 1)
   8 Q   0.91103 0.05267 0.03300 0.00330 ( 1)
   9 K   0.00001 0.93238 0.00000 0.06761 ( 2)
  10 E   0.00959 0.23254 0.66257 0.09529 ( 3)
  11 I   0.96194 0.01867 0.01860 0.00078 ( 1)
  12 V   0.95897 0.02046 0.01968 0.00089 ( 1)
  13 D   0.00022 0.94227 0.00001 0.05750 ( 2)
  14 L   0.00011 0.80685 0.00031 0.19273 ( 2)
  15 H   0.88164 0.07363 0.03945 0.00527 ( 1)
  16 N   0.98359 0.00588 0.01036 0.00017 ( 1)
  17 S   0.14208 0.82041 0.00273 0.03478 ( 2)
  18 L   0.02943 0.89641 0.00157 0.07260 ( 2)
  19 R   0.86858 0.08283 0.04232 0.00627 ( 1)
  20 R   0.93964 0.03283 0.02580 0.00173 ( 1)
  21 R   0.00645 0.18509 0.69439 0.11406 ( 3)
  22 V   0.75420 0.16739 0.06079 0.01762 ( 1)
  23 S   0.01344 0.94716 0.00024 0.03916 ( 2)
  24 P   0.90285 0.05711 0.03622 0.00383 ( 1)
  25 T   0.96230 0.01858 0.01834 0.00078 ( 1)
  26 A   0.96084 0.01846 0.01988 0.00082 ( 1)
  27 S   0.00012 0.81348 0.00030 0.18611 ( 2)
  28 N   0.91495 0.04988 0.03211 0.00306 ( 1)
  29 M   0.89354 0.06543 0.03661 0.00441 ( 1)
  30 L   0.83067 0.11071 0.04911 0.00951 ( 1)
  31 K   0.00514 0.93715 0.00087 0.05685 ( 2)
  32 M   0.89354 0.06543 0.03661 0.00441 ( 1)
  33 E   0.14325 0.81813 0.00285 0.03577 ( 2)
  34 W   0.84837 0.10212 0.04174 0.00777 ( 1)
  35 Y   0.85301 0.13526 0.00808 0.00366 ( 1)
  36 P   0.00944 0.94304 0.00150 0.04602 ( 2)
  37 E   0.00000 0.79544 0.00008 0.20448 ( 2)
  38 A   0.97172 0.01471 0.01308 0.00049 ( 1)
  39 A   0.78080 0.20191 0.01051 0.00679 ( 1)
  40 S   0.03313 0.90443 0.00134 0.06110 ( 2)
  41 N   0.69726 0.06007 0.23881 0.00386 ( 1)
  42 A   0.93806 0.03716 0.02297 0.00182 ( 1)
  43 E   0.00645 0.56993 0.24416 0.17947 ( 2)
  44 R   0.96436 0.01981 0.01511 0.00072 ( 1)
  45 W   0.84837 0.10212 0.04174 0.00777 ( 1)
  46 A   0.89165 0.07039 0.03341 0.00454 ( 1)
  47 N   0.00006 0.91904 0.00003 0.08087 ( 2)
  48 T   0.00000 0.72579 0.00000 0.27421 ( 2)
  49 C   0.97759 0.01123 0.01084 0.00033 ( 1)
  50 H   0.89602 0.06742 0.03237 0.00420 ( 1)
  51 S   0.98533 0.00663 0.00788 0.00016 ( 1)
  52 P   0.04436 0.76337 0.06692 0.12535 ( 2)
  53 D   0.00000 0.69021 0.00000 0.30979 ( 2)
  54 N   0.00000 0.79356 0.00000 0.20644 ( 2)
  55 L   0.00010 0.82584 0.00022 0.17384 ( 2)
  56 R   0.94930 0.02962 0.01978 0.00130 ( 1)
  57 G   0.00560 0.95021 0.00013 0.04406 ( 2)
  58 I   0.00017 0.85506 0.00028 0.14449 ( 2)
  59 Q   0.00000 0.49332 0.00000 0.50668 ( 4)
  60 C   0.97798 0.01086 0.01085 0.00032 ( 1)
  61 G   0.97626 0.01191 0.01147 0.00037 ( 1)
  62 E   0.96761 0.01740 0.01437 0.00062 ( 1)
  63 S   0.69954 0.06085 0.23576 0.00385 ( 1)
  64 I   0.00291 0.84217 0.00499 0.14994 ( 2)
  65 Y   0.00172 0.87352 0.00204 0.12272 ( 2)
  66 M   0.03752 0.75620 0.06762 0.13867 ( 2)
  67 S   0.32814 0.60831 0.01635 0.04719 ( 2)
  68 S   0.64534 0.07503 0.27407 0.00556 ( 1)
  69 N   0.00000 0.88352 0.00000 0.11647 ( 2)
  70 A   0.04050 0.78188 0.05617 0.12146 ( 2)
  71 R   0.00000 0.52681 0.00000 0.47319 ( 2)
  72 T   0.00328 0.87106 0.00389 0.12177 ( 2)
  73 W   0.84837 0.10212 0.04174 0.00777 ( 1)
  74 T   0.01277 0.89926 0.00746 0.08051 ( 2)
  75 E   0.00000 0.39737 0.00000 0.60263 ( 4)
  76 I   0.00018 0.69135 0.01129 0.29718 ( 2)
  77 I   0.73836 0.24290 0.01044 0.00830 ( 1)
  78 H   0.14839 0.40940 0.35964 0.08258 ( 2)
  79 L   0.00000 0.80118 0.00000 0.19882 ( 2)
  80 W   0.16242 0.33680 0.42224 0.07855 ( 3)
  81 H   0.82019 0.16503 0.00963 0.00514 ( 1)
  82 D   0.40673 0.57784 0.00273 0.01270 ( 2)
  83 E   0.96761 0.01740 0.01437 0.00062 ( 1)
  84 Y   0.00001 0.83148 0.00001 0.16850 ( 2)
  85 K   0.73712 0.24286 0.01124 0.00879 ( 1)
  86 N   0.00006 0.54572 0.05100 0.40323 ( 2)
  87 F   0.28073 0.28773 0.38669 0.04484 ( 3)
  88 V   0.00000 0.50921 0.00026 0.49053 ( 2)
  89 Y   0.97612 0.01188 0.01162 0.00037 ( 1)
  90 G   0.00697 0.19861 0.68051 0.11391 ( 3)
  91 V   0.13282 0.69913 0.09636 0.07169 ( 2)
  92 G   0.92150 0.04860 0.02722 0.00269 ( 1)
  93 A   0.93806 0.03716 0.02297 0.00182 ( 1)
  94 N   0.55194 0.40960 0.01615 0.02231 ( 1)
  95 P   0.91749 0.05190 0.02772 0.00288 ( 1)
  96 P   0.04736 0.90109 0.00143 0.05012 ( 2)
  97 G   0.22767 0.74685 0.00264 0.02284 ( 2)
  98 S   0.96287 0.01820 0.01818 0.00075 ( 1)
  99 V   0.01878 0.10814 0.83591 0.03717 ( 3)
 100 Y   0.80824 0.17528 0.01061 0.00587 ( 1)
 101 T   0.37535 0.17358 0.42680 0.02427 ( 3)
 102 Q   0.81452 0.12709 0.04758 0.01081 ( 1)
 103 I   0.58590 0.38189 0.01398 0.01823 ( 1)
 104 V   0.96685 0.01809 0.01441 0.00064 ( 1)
 105 W   0.84837 0.10212 0.04174 0.00777 ( 1)
 106 Y   0.85523 0.09650 0.04101 0.00726 ( 1)
 107 Q   0.00020 0.30393 0.40415 0.29172 ( 3)
 108 T   0.25814 0.57371 0.12244 0.04571 ( 2)
 109 Y   0.03025 0.90467 0.00132 0.06376 ( 2)
 110 R   0.09898 0.86438 0.00181 0.03484 ( 2)
 111 A   0.00002 0.75736 0.00100 0.24162 ( 2)
 112 G   0.97626 0.01191 0.01147 0.00037 ( 1)
 113 C   0.97798 0.01086 0.01085 0.00032 ( 1)
 114 A   0.50546 0.13440 0.34663 0.01352 ( 1)
 115 V   0.01044 0.89329 0.00762 0.08865 ( 2)
 116 S   0.00000 0.55675 0.00002 0.44323 ( 2)
 117 Y   0.00004 0.90709 0.00003 0.09283 ( 2)
 118 C   0.97744 0.01101 0.01121 0.00034 ( 1)
 119 F   0.33362 0.60371 0.01651 0.04617 ( 2)
 120 Y   0.97259 0.01331 0.01364 0.00047 ( 1)
 121 V   0.96685 0.01809 0.01441 0.00064 ( 1)
 122 C   0.97798 0.01086 0.01085 0.00032 ( 1)
 123 Q   0.35549 0.58742 0.01564 0.04145 ( 2)
 124 Y   0.85523 0.09650 0.04101 0.00726 ( 1)
 125 C   0.87101 0.08521 0.03779 0.00599 ( 1)
 126 P   0.91749 0.05190 0.02772 0.00288 ( 1)
 127 S   0.00001 0.39928 0.02263 0.57809 ( 4)
 128 G   0.79279 0.14278 0.05138 0.01304 ( 1)
 129 N   0.92692 0.04542 0.02529 0.00237 ( 1)
 130 F   0.00008 0.80835 0.00022 0.19135 ( 2)
 131 Q   0.00000 0.82653 0.00000 0.17347 ( 2)
 132 G   0.97626 0.01191 0.01147 0.00037 ( 1)
 133 K   0.00097 0.53933 0.11372 0.34598 ( 2)
 134 T   0.14109 0.69072 0.09932 0.06886 ( 2)
 135 A   0.77046 0.21204 0.01037 0.00713 ( 1)
 136 T   0.97113 0.01512 0.01324 0.00051 ( 1)
 137 P   0.91749 0.05190 0.02772 0.00288 ( 1)
 138 Y   0.97630 0.01171 0.01163 0.00037 ( 1)
 139 K   0.14142 0.82652 0.00216 0.02990 ( 2)
 140 L   0.17413 0.34490 0.40625 0.07472 ( 3)
 141 G   0.83159 0.12093 0.03855 0.00893 ( 1)
 142 P   0.91749 0.05190 0.02772 0.00288 ( 1)
 143 P   0.00002 0.82114 0.00078 0.17807 ( 2)
 144 C   0.97798 0.01086 0.01085 0.00032 ( 1)
 145 G   0.00097 0.81148 0.00243 0.18512 ( 2)
 146 D   0.92820 0.04434 0.02517 0.00230 ( 1)
 147 C   0.97637 0.01243 0.01083 0.00037 ( 1)
 148 P   0.95956 0.02295 0.01660 0.00089 ( 1)
 149 S   0.09824 0.41016 0.36966 0.12194 ( 2)
 150 A   0.18174 0.78927 0.00245 0.02654 ( 2)
 151 C   0.97798 0.01086 0.01085 0.00032 ( 1)
 152 D   0.00241 0.85731 0.00346 0.13682 ( 2)
 153 N   0.92668 0.04527 0.02567 0.00238 ( 1)
 154 G   0.92150 0.04860 0.02722 0.00269 ( 1)
 155 L   0.83388 0.11251 0.04457 0.00904 ( 1)
 156 C   0.87101 0.08521 0.03779 0.00599 ( 1)
 157 C   0.86707 0.08704 0.03956 0.00633 ( 1)
 158 T   0.00001 0.88326 0.00001 0.11672 ( 2)
 159 I   0.00000 0.67462 0.00004 0.32534 ( 2)
 160 Y   0.00000 0.15714 0.00000 0.84286 ( 4)
 161 N   0.00142 0.96785 0.00002 0.03071 ( 2)
 162 N   0.92203 0.04804 0.02730 0.00264 ( 1)
 163 C   0.86604 0.08805 0.03951 0.00640 ( 1)
 164 D   0.00000 0.69705 0.00000 0.30295 ( 2)
 165 S   0.00000 0.50138 0.00000 0.49862 ( 2)
 166 L   0.45371 0.15253 0.33536 0.05840 ( 1)
 167 C   0.88486 0.07758 0.03252 0.00504 ( 1)
 168 P   0.09562 0.72046 0.09394 0.08998 ( 2)
 169 A   0.96927 0.01580 0.01436 0.00057 ( 1)
 170 S   0.00027 0.90085 0.00021 0.09867 ( 2)
 171 C   0.87560 0.07873 0.03994 0.00573 ( 1)
 172 F   0.87971 0.07969 0.03528 0.00532 ( 1)
 173 C   0.00006 0.14103 0.59670 0.26221 ( 3)


lnL = -2750.391562

Bayes Empirical Bayes (BEB) probabilities for 4 classes (class)
(amino acids refer to 1st sequence: Naja_atra|AY324325)

   1 A   0.95808 0.01711 0.02389 0.00093 ( 1)
   2 A   0.26718 0.24671 0.44926 0.03685 ( 3)
   3 V   0.08919 0.41122 0.38495 0.11464 ( 2)
   4 L   0.72934 0.20147 0.04969 0.01950 ( 1)
   5 Q   0.39187 0.53911 0.02176 0.04725 ( 2)
   6 Q   0.21904 0.69379 0.01636 0.07082 ( 2)
   7 S   0.95470 0.01912 0.02511 0.00107 ( 1)
   8 Q   0.90273 0.05419 0.03910 0.00397 ( 1)
   9 K   0.00001 0.92330 0.00000 0.07668 ( 2)
  10 E   0.00780 0.26873 0.62907 0.09440 ( 3)
  11 I   0.95545 0.01906 0.02445 0.00104 ( 1)
  12 V   0.95236 0.02089 0.02557 0.00117 ( 1)
  13 D   0.00017 0.93229 0.00001 0.06753 ( 2)
  14 L   0.00009 0.80950 0.00021 0.19021 ( 2)
  15 H   0.87254 0.07592 0.04536 0.00618 ( 1)
  16 N   0.97866 0.00594 0.01515 0.00025 ( 1)
  17 S   0.10448 0.84636 0.00261 0.04655 ( 2)
  18 L   0.02116 0.89607 0.00127 0.08150 ( 2)
  19 R   0.85920 0.08544 0.04809 0.00727 ( 1)
  20 R   0.93230 0.03366 0.03187 0.00217 ( 1)
  21 R   0.00525 0.21419 0.66718 0.11339 ( 3)
  22 V   0.74258 0.17291 0.06513 0.01939 ( 1)
  23 S   0.00889 0.94022 0.00020 0.05069 ( 2)
  24 P   0.89439 0.05879 0.04228 0.00455 ( 1)
  25 T   0.95595 0.01896 0.02406 0.00103 ( 1)
  26 A   0.95441 0.01883 0.02568 0.00107 ( 1)
  27 S   0.00009 0.81567 0.00020 0.18404 ( 2)
  28 N   0.90677 0.05130 0.03822 0.00371 ( 1)
  29 M   0.88470 0.06742 0.04264 0.00523 ( 1)
  30 L   0.82047 0.11430 0.05444 0.01079 ( 1)
  31 K   0.00346 0.92889 0.00066 0.06699 ( 2)
  32 M   0.88470 0.06742 0.04264 0.00523 ( 1)
  33 E   0.10538 0.84438 0.00272 0.04752 ( 2)
  34 W   0.83824 0.10541 0.04734 0.00901 ( 1)
  35 Y   0.82338 0.15847 0.01177 0.00638 ( 1)
  36 P   0.00628 0.93541 0.00119 0.05712 ( 2)
  37 E   0.00001 0.80178 0.00005 0.19816 ( 2)
  38 A   0.96597 0.01498 0.01835 0.00070 ( 1)
  39 A   0.74166 0.23338 0.01407 0.01090 ( 1)
  40 S   0.02382 0.90409 0.00112 0.07098 ( 2)
  41 N   0.65283 0.06849 0.27426 0.00442 ( 1)
  42 A   0.93062 0.03813 0.02893 0.00232 ( 1)
  43 E   0.00456 0.61740 0.20177 0.17628 ( 2)
  44 R   0.95805 0.02023 0.02073 0.00100 ( 1)
  45 W   0.83824 0.10541 0.04734 0.00901 ( 1)
  46 A   0.88268 0.07252 0.03935 0.00545 ( 1)
  47 N   0.00006 0.91060 0.00002 0.08931 ( 2)
  48 T   0.00000 0.73899 0.00000 0.26100 ( 2)
  49 C   0.97229 0.01141 0.01581 0.00049 ( 1)
  50 H   0.88710 0.06946 0.03837 0.00507 ( 1)
  51 S   0.98069 0.00671 0.01236 0.00025 ( 1)
  52 P   0.03245 0.78166 0.05755 0.12835 ( 2)
  53 D   0.00000 0.70614 0.00000 0.29386 ( 2)
  54 N   0.00000 0.79870 0.00000 0.20130 ( 2)
  55 L   0.00008 0.82682 0.00015 0.17296 ( 2)
  56 R   0.94230 0.03035 0.02565 0.00171 ( 1)
  57 G   0.00376 0.94087 0.00010 0.05527 ( 2)
  58 I   0.00014 0.85354 0.00019 0.14613 ( 2)
  59 Q   0.00000 0.52599 0.00000 0.47401 ( 2)
  60 C   0.97268 0.01103 0.01582 0.00047 ( 1)
  61 G   0.97083 0.01211 0.01653 0.00053 ( 1)
  62 E   0.96157 0.01775 0.01981 0.00086 ( 1)
  63 S   0.65461 0.06932 0.27162 0.00444 ( 1)
  64 I   0.00199 0.84341 0.00365 0.15096 ( 2)
  65 Y   0.00118 0.87062 0.00147 0.12673 ( 2)
  66 M   0.02747 0.77476 0.05743 0.14034 ( 2)
  67 S   0.28415 0.64323 0.01625 0.05637 ( 2)
  68 S   0.60343 0.08573 0.30465 0.00619 ( 1)
  69 N   0.00000 0.87875 0.00000 0.12124 ( 2)
  70 A   0.02953 0.79719 0.04845 0.12483 ( 2)
  71 R   0.00000 0.55905 0.00000 0.44095 ( 2)
  72 T   0.00224 0.86893 0.00291 0.12593 ( 2)
  73 W   0.83824 0.10541 0.04734 0.00901 ( 1)
  74 T   0.00847 0.89606 0.00602 0.08946 ( 2)
  75 E   0.00000 0.42809 0.00000 0.57190 ( 4)
  76 I   0.00014 0.70988 0.00780 0.28218 ( 2)
  77 I   0.69462 0.27842 0.01379 0.01317 ( 1)
  78 H   0.12943 0.44207 0.34670 0.08180 ( 2)
  79 L   0.00000 0.80625 0.00000 0.19375 ( 2)
  80 W   0.14418 0.37077 0.40746 0.07759 ( 3)
  81 H   0.78599 0.19219 0.01332 0.00851 ( 1)
  82 D   0.32388 0.64992 0.00349 0.02272 ( 2)
  83 E   0.96157 0.01775 0.01981 0.00086 ( 1)
  84 Y   0.00001 0.83212 0.00001 0.16787 ( 2)
  85 K   0.69340 0.27833 0.01458 0.01368 ( 1)
  86 N   0.00005 0.58415 0.03501 0.38079 ( 2)
  87 F   0.25272 0.32032 0.38189 0.04507 ( 3)
  88 V   0.00000 0.52442 0.00018 0.47540 ( 2)
  89 Y   0.97075 0.01208 0.01664 0.00054 ( 1)
  90 G   0.00579 0.23475 0.64750 0.11195 ( 3)
  91 V   0.09876 0.73296 0.08945 0.07882 ( 2)
  92 G   0.91349 0.04996 0.03322 0.00333 ( 1)
  93 A   0.93062 0.03813 0.02893 0.00232 ( 1)
  94 N   0.49953 0.45242 0.01807 0.02998 ( 1)
  95 P   0.90925 0.05339 0.03379 0.00358 ( 1)
  96 P   0.03410 0.90370 0.00125 0.06096 ( 2)
  97 G   0.17137 0.79125 0.00285 0.03454 ( 2)
  98 S   0.95644 0.01856 0.02399 0.00100 ( 1)
  99 V   0.01769 0.14535 0.80049 0.03647 ( 3)
 100 Y   0.77257 0.20367 0.01429 0.00947 ( 1)
 101 T   0.34703 0.19828 0.42989 0.02480 ( 3)
 102 Q   0.80368 0.13125 0.05278 0.01229 ( 1)
 103 I   0.53369 0.42455 0.01627 0.02549 ( 1)
 104 V   0.96072 0.01846 0.01993 0.00089 ( 1)
 105 W   0.83824 0.10541 0.04734 0.00901 ( 1)
 106 Y   0.84534 0.09958 0.04664 0.00844 ( 1)
 107 Q   0.00016 0.36575 0.33956 0.29453 ( 2)
 108 T   0.19873 0.62584 0.12175 0.05369 ( 2)
 109 Y   0.02174 0.90378 0.00109 0.07339 ( 2)
 110 R   0.07196 0.87962 0.00173 0.04668 ( 2)
 111 A   0.00003 0.76807 0.00064 0.23126 ( 2)
 112 G   0.97083 0.01211 0.01653 0.00053 ( 1)
 113 C   0.97268 0.01103 0.01582 0.00047 ( 1)
 114 A   0.46923 0.15351 0.36298 0.01429 ( 1)
 115 V   0.00696 0.89057 0.00599 0.09648 ( 2)
 116 S   0.00000 0.57334 0.00001 0.42664 ( 2)
 117 Y   0.00005 0.89949 0.00002 0.10044 ( 2)
 118 C   0.97210 0.01119 0.01623 0.00049 ( 1)
 119 F   0.28914 0.63908 0.01646 0.05532 ( 2)
 120 Y   0.96693 0.01354 0.01888 0.00065 ( 1)
 121 V   0.96072 0.01846 0.01993 0.00089 ( 1)
 122 C   0.97268 0.01103 0.01582 0.00047 ( 1)
 123 Q   0.30935 0.62414 0.01589 0.05061 ( 2)
 124 Y   0.84534 0.09958 0.04664 0.00844 ( 1)
 125 C   0.86147 0.08789 0.04359 0.00706 ( 1)
 126 P   0.90925 0.05339 0.03379 0.00358 ( 1)
 127 S   0.00001 0.43201 0.01568 0.55230 ( 4)
 128 G   0.78158 0.14747 0.05630 0.01465 ( 1)
 129 N   0.91902 0.04668 0.03132 0.00298 ( 1)
 130 F   0.00007 0.81090 0.00015 0.18888 ( 2)
 131 Q   0.00000 0.82739 0.00000 0.17261 ( 2)
 132 G   0.97083 0.01211 0.01653 0.00053 ( 1)
 133 K   0.00069 0.56964 0.09225 0.33742 ( 2)
 134 T   0.10515 0.72607 0.09266 0.07612 ( 2)
 135 A   0.73013 0.24461 0.01385 0.01142 ( 1)
 136 T   0.96533 0.01541 0.01855 0.00072 ( 1)
 137 P   0.90925 0.05339 0.03379 0.00358 ( 1)
 138 Y   0.97093 0.01190 0.01664 0.00053 ( 1)
 139 K   0.10392 0.85209 0.00216 0.04183 ( 2)
 140 L   0.15404 0.37801 0.39383 0.07413 ( 3)
 141 G   0.82078 0.12482 0.04396 0.01044 ( 1)
 142 P   0.90925 0.05339 0.03379 0.00358 ( 1)
 143 P   0.00002 0.82403 0.00052 0.17543 ( 2)
 144 C   0.97268 0.01103 0.01582 0.00047 ( 1)
 145 G   0.00068 0.81324 0.00174 0.18434 ( 2)
 146 D   0.92032 0.04556 0.03122 0.00290 ( 1)
 147 C   0.97102 0.01265 0.01579 0.00054 ( 1)
 148 P   0.95299 0.02346 0.02233 0.00121 ( 1)
 149 S   0.08504 0.44022 0.35459 0.12015 ( 2)
 150 A   0.13501 0.82405 0.00253 0.03841 ( 2)
 151 C   0.97268 0.01103 0.01582 0.00047 ( 1)
 152 D   0.00166 0.85650 0.00253 0.13931 ( 2)
 153 N   0.91875 0.04652 0.03173 0.00299 ( 1)
 154 G   0.91349 0.04996 0.03322 0.00333 ( 1)
 155 L   0.82346 0.11616 0.04999 0.01038 ( 1)
 156 C   0.86147 0.08789 0.04359 0.00706 ( 1)
 157 C   0.85749 0.08979 0.04531 0.00741 ( 1)
 158 T   0.00001 0.87876 0.00001 0.12122 ( 2)
 159 I   0.00000 0.69162 0.00003 0.30835 ( 2)
 160 Y   0.00000 0.19179 0.00000 0.80821 ( 4)
 161 N   0.00102 0.95640 0.00002 0.04257 ( 2)
 162 N   0.91396 0.04939 0.03337 0.00328 ( 1)
 163 C   0.85642 0.09083 0.04526 0.00749 ( 1)
 164 D   0.00000 0.70878 0.00000 0.29122 ( 2)
 165 S   0.00000 0.53333 0.00000 0.46667 ( 2)
 166 L   0.46216 0.16295 0.31791 0.05698 ( 1)
 167 C   0.87578 0.07998 0.03820 0.00604 ( 1)
 168 P   0.07067 0.74928 0.08429 0.09577 ( 2)
 169 A   0.96335 0.01611 0.01976 0.00078 ( 1)
 170 S   0.00021 0.89407 0.00015 0.10558 ( 2)
 171 C   0.86635 0.08117 0.04578 0.00670 ( 1)
 172 F   0.87032 0.08218 0.04117 0.00633 ( 1)
 173 C   0.00005 0.17233 0.56792 0.25970 ( 3)

Ancestral reconstruction by CODONML.

((((Thamnophis_elegans|XM_032213702: 0.013962, Thamnophis_sirtalis|XM_014056294: 0.014199): 0.098002, (Pantherophis_guttatus|XM_034432489: 0.000004, (Pantherophis_guttatus|XM_034432490: 0.000004, (Pantherophis_guttatus|XM_034404851: 0.000004, Pantherophis_guttatus|XM_034404849: 0.000004): 0.030594): 0.000004): 0.076980): 0.027249, (Laticauda_semifasciata|AF384220: 0.044208, (Naja_atra|AY261468: 0.111794, (Ophiophagus_hannah|FJ767755: 0.031436, ((Notechis_scutatus|XM_026691964: 0.005556, Notechis_scutatus|XM_026691979: 0.109011): 0.027083, ((Pseudonaja_textilis|XM_026712847: 0.005452, Pseudonaja_textilis|XM_026712849: 0.024763): 0.011801, Pseudonaja_textilis|XM_026712848: 0.000004): 0.101026): 0.134204): 0.021650): 0.004094): 0.065606): 0.211991, (((Rhabdophis_tigrinus|AY093955: 0.011749, Rhabdophis_tigrinus|DQ139899: 0.006210): 0.279862, ((Ophiophagus_hannah|AY299475: 0.000004, Ophiophagus_hannah|AY181984: 0.006133): 0.036025, Naja_atra|AY324325: 0.142489): 0.172759): 0.000004, ((Pantherophis_guttatus|XM_034432487: 0.153679, (Thamnophis_sirtalis|XM_014056288: 0.022771, Thamnophis_elegans|XM_032213693: 0.063982): 0.225131): 0.023699, Pseudonaja_textilis|XM_026712851: 0.391302): 0.000004): 0.159703);

((((17, 18), (14, (16, (15, 13)))), (10, (11, (12, ((19, 20), ((23, 22), 21)))))), (((6, 5), ((3, 2), 1)), ((4, (8, 7)), 9)));

  24..25   25..26   26..27   27..17   27..18   26..28   28..14   28..29   29..16   29..30   30..15   30..13   25..31   31..10   31..32   32..11   32..33   33..12   33..34   34..35   35..19   35..20   34..36   36..37   37..23   37..22   36..21   24..38   38..39   39..40   40..6    40..5    39..41   41..42   42..3    42..2    41..1    38..43   43..44   44..4    44..45   45..8    45..7    43..9  

tree with node labels for Rod Page's TreeView
((((17_Thamnophis_elegans|XM_032213702, 18_Thamnophis_sirtalis|XM_014056294) 27 , (14_Pantherophis_guttatus|XM_034432489, (16_Pantherophis_guttatus|XM_034432490, (15_Pantherophis_guttatus|XM_034404851, 13_Pantherophis_guttatus|XM_034404849) 30 ) 29 ) 28 ) 26 , (10_Laticauda_semifasciata|AF384220, (11_Naja_atra|AY261468, (12_Ophiophagus_hannah|FJ767755, ((19_Notechis_scutatus|XM_026691964, 20_Notechis_scutatus|XM_026691979) 35 , ((23_Pseudonaja_textilis|XM_026712847, 22_Pseudonaja_textilis|XM_026712849) 37 , 21_Pseudonaja_textilis|XM_026712848) 36 ) 34 ) 33 ) 32 ) 31 ) 25 , (((6_Rhabdophis_tigrinus|AY093955, 5_Rhabdophis_tigrinus|DQ139899) 40 , ((3_Ophiophagus_hannah|AY299475, 2_Ophiophagus_hannah|AY181984) 42 , 1_Naja_atra|AY324325) 41 ) 39 , ((4_Pantherophis_guttatus|XM_034432487, (8_Thamnophis_sirtalis|XM_014056288, 7_Thamnophis_elegans|XM_032213693) 45 ) 44 , 9_Pseudonaja_textilis|XM_026712851) 43 ) 38 ) 24 ;

Nodes 24 to 45 are ancestral
Unreliable at sites with alignment gaps

(1) Marginal reconstruction of ancestral sequences
(eqn. 4 in Yang et al. 1995 Genetics 141:1641-1650).

Prob of best state at each node, listed by site

   site   Freq   Data: 

   1      1   GCT (A) GCT (A) GCT (A) GCT (A) GCT (A) GCT (A) GCT (A) GCT (A) GCT (A) GCT (A) GCT (A) GCT (A) GCT (A) GCT (A) GCT (A) GCT (A) GCT (A) --- (-) GCT (A) --- (-) GCT (A) GCT (A) GCT (A) :  GCT A 0.994 (A 1.000) GCT A 1.000 (A 1.000) GCT A 1.000 (A 1.000) GCT A 1.000 (A 1.000) GCT A 1.000 (A 1.000) GCT A 1.000 (A 1.000) GCT A 1.000 (A 1.000) GCT A 1.000 (A 1.000) GCT A 1.000 (A 1.000) GCT A 1.000 (A 1.000) GCT A 1.000 (A 1.000) GCT A 1.000 (A 1.000) GCT A 1.000 (A 1.000) GCT A 1.000 (A 1.000) GCT A 1.000 (A 1.000) GCT A 1.000 (A 1.000) GCT A 1.000 (A 1.000) GCT A 1.000 (A 1.000) GCT A 1.000 (A 1.000) GCT A 1.000 (A 1.000) GCT A 1.000 (A 1.000) GCT A 1.000 (A 1.000)
   2      1   GCA (A) GCA (A) GCA (A) GCA (A) GCA (A) GCA (A) GCA (A) GCA (A) ACA (T) GCA (A) GCA (A) GCA (A) GCA (A) GCA (A) GCA (A) GCA (A) GCA (A) --- (-) GCA (A) --- (-) GCA (A) GCA (A) GCA (A) :  GCA A 0.993 (A 0.997) GCA A 1.000 (A 1.000) GCA A 1.000 (A 1.000) GCA A 1.000 (A 1.000) GCA A 1.000 (A 1.000) GCA A 1.000 (A 1.000) GCA A 1.000 (A 1.000) GCA A 1.000 (A 1.000) GCA A 1.000 (A 1.000) GCA A 1.000 (A 1.000) GCA A 1.000 (A 1.000) GCA A 1.000 (A 1.000) GCA A 1.000 (A 1.000) GCA A 1.000 (A 1.000) GCA A 1.000 (A 1.000) GCA A 1.000 (A 1.000) GCA A 1.000 (A 1.000) GCA A 1.000 (A 1.000) GCA A 1.000 (A 1.000) GCA A 1.000 (A 1.000) GCA A 1.000 (A 1.000) GCA A 1.000 (A 1.000)
   3      1   GTG (V) GTG (V) GTG (V) GTG (V) GTG (V) GTG (V) GTG (V) GTG (V) GCG (A) GTG (V) GTG (V) GTG (V) GTG (V) GTG (V) GTG (V) GTG (V) GTG (V) --- (-) GTG (V) --- (-) GTG (V) GTG (V) GTG (V) :  GTG V 0.998 (V 0.999) GTG V 1.000 (V 1.000) GTG V 1.000 (V 1.000) GTG V 1.000 (V 1.000) GTG V 1.000 (V 1.000) GTG V 1.000 (V 1.000) GTG V 1.000 (V 1.000) GTG V 1.000 (V 1.000) GTG V 1.000 (V 1.000) GTG V 1.000 (V 1.000) GTG V 1.000 (V 1.000) GTG V 1.000 (V 1.000) GTG V 1.000 (V 1.000) GTG V 1.000 (V 1.000) GTG V 1.000 (V 1.000) GTG V 1.000 (V 1.000) GTG V 1.000 (V 1.000) GTG V 1.000 (V 1.000) GTG V 1.000 (V 1.000) GTG V 1.000 (V 1.000) GTG V 1.000 (V 1.000) GTG V 1.000 (V 1.000)
   4      1   CTT (L) CTT (L) CTT (L) CTG (L) CTG (L) CTG (L) CTG (L) CTG (L) CTT (L) CTG (L) CTG (L) CTG (L) CTG (L) CTG (L) CTG (L) CTG (L) CTG (L) --- (-) CTG (L) --- (-) CTG (L) CTG (L) CTG (L) :  CTG L 0.999 (L 1.000) CTG L 1.000 (L 1.000) CTG L 1.000 (L 1.000) CTG L 1.000 (L 1.000) CTG L 1.000 (L 1.000) CTG L 1.000 (L 1.000) CTG L 1.000 (L 1.000) CTG L 1.000 (L 1.000) CTG L 1.000 (L 1.000) CTG L 1.000 (L 1.000) CTG L 1.000 (L 1.000) CTG L 1.000 (L 1.000) CTG L 1.000 (L 1.000) CTG L 1.000 (L 1.000) CTG L 0.999 (L 1.000) CTG L 0.999 (L 1.000) CTG L 1.000 (L 1.000) CTT L 0.998 (L 1.000) CTT L 1.000 (L 1.000) CTG L 0.999 (L 1.000) CTG L 1.000 (L 1.000) CTG L 1.000 (L 1.000)
   5      1   CAA (Q) CAA (Q) CAA (Q) CAA (Q) CGA (R) CGA (R) CAA (Q) CAA (Q) CAG (Q) CAA (Q) CAA (Q) CAA (Q) CAA (Q) CAA (Q) CAA (Q) CAA (Q) CAA (Q) --- (-) CAA (Q) --- (-) CAA (Q) CAA (Q) CAA (Q) :  CAA Q 0.996 (Q 0.997) CAA Q 1.000 (Q 1.000) CAA Q 1.000 (Q 1.000) CAA Q 1.000 (Q 1.000) CAA Q 1.000 (Q 1.000) CAA Q 1.000 (Q 1.000) CAA Q 1.000 (Q 1.000) CAA Q 1.000 (Q 1.000) CAA Q 1.000 (Q 1.000) CAA Q 1.000 (Q 1.000) CAA Q 1.000 (Q 1.000) CAA Q 1.000 (Q 1.000) CAA Q 1.000 (Q 1.000) CAA Q 1.000 (Q 1.000) CAA Q 1.000 (Q 1.000) CAA Q 1.000 (Q 1.000) CGA R 1.000 (R 1.000) CAA Q 1.000 (Q 1.000) CAA Q 1.000 (Q 1.000) CAA Q 1.000 (Q 1.000) CAA Q 1.000 (Q 1.000) CAA Q 1.000 (Q 1.000)
   6      1   CAG (Q) CAG (Q) CAG (Q) CAG (Q) CAG (Q) CAG (Q) CAT (H) CAG (Q) CAG (Q) CAG (Q) CAG (Q) CAG (Q) CAA (Q) CAA (Q) CAA (Q) CAA (Q) CAG (Q) --- (-) CAG (Q) --- (-) CAG (Q) CAG (Q) CAG (Q) :  CAG Q 0.998 (Q 0.999) CAG Q 1.000 (Q 1.000) CAG Q 0.995 (Q 1.000) CAG Q 0.999 (Q 1.000) CAA Q 1.000 (Q 1.000) CAA Q 1.000 (Q 1.000) CAA Q 1.000 (Q 1.000) CAG Q 1.000 (Q 1.000) CAG Q 1.000 (Q 1.000) CAG Q 1.000 (Q 1.000) CAG Q 1.000 (Q 1.000) CAG Q 1.000 (Q 1.000) CAG Q 1.000 (Q 1.000) CAG Q 1.000 (Q 1.000) CAG Q 1.000 (Q 1.000) CAG Q 1.000 (Q 1.000) CAG Q 1.000 (Q 1.000) CAG Q 1.000 (Q 1.000) CAG Q 1.000 (Q 1.000) CAG Q 1.000 (Q 1.000) CAG Q 1.000 (Q 1.000) CAG Q 0.996 (Q 0.996)
   7      1   TCT (S) TCT (S) TCT (S) TCT (S) TCT (S) TCT (S) TCT (S) TCT (S) TCT (S) TCT (S) TCT (S) TCT (S) TCT (S) TCT (S) TCT (S) TCT (S) TCT (S) --- (-) TCT (S) --- (-) TCT (S) TCT (S) TCT (S) :  TCT S 0.994 (S 1.000) TCT S 1.000 (S 1.000) TCT S 1.000 (S 1.000) TCT S 1.000 (S 1.000) TCT S 1.000 (S 1.000) TCT S 1.000 (S 1.000) TCT S 1.000 (S 1.000) TCT S 1.000 (S 1.000) TCT S 1.000 (S 1.000) TCT S 1.000 (S 1.000) TCT S 1.000 (S 1.000) TCT S 1.000 (S 1.000) TCT S 1.000 (S 1.000) TCT S 1.000 (S 1.000) TCT S 1.000 (S 1.000) TCT S 1.000 (S 1.000) TCT S 1.000 (S 1.000) TCT S 1.000 (S 1.000) TCT S 1.000 (S 1.000) TCT S 1.000 (S 1.000) TCT S 1.000 (S 1.000) TCT S 1.000 (S 1.000)
   8      1   CAA (Q) CAA (Q) CAA (Q) CAA (Q) CAA (Q) CAA (Q) CAA (Q) CAA (Q) CAA (Q) CAA (Q) CAA (Q) CAA (Q) CAA (Q) CAA (Q) CAA (Q) CAA (Q) CAA (Q) --- (-) CAA (Q) --- (-) CAA (Q) CAA (Q) CAA (Q) :  CAA Q 0.999 (Q 1.000) CAA Q 1.000 (Q 1.000) CAA Q 1.000 (Q 1.000) CAA Q 1.000 (Q 1.000) CAA Q 1.000 (Q 1.000) CAA Q 1.000 (Q 1.000) CAA Q 1.000 (Q 1.000) CAA Q 1.000 (Q 1.000) CAA Q 1.000 (Q 1.000) CAA Q 1.000 (Q 1.000) CAA Q 1.000 (Q 1.000) CAA Q 1.000 (Q 1.000) CAA Q 1.000 (Q 1.000) CAA Q 1.000 (Q 1.000) CAA Q 1.000 (Q 1.000) CAA Q 1.000 (Q 1.000) CAA Q 1.000 (Q 1.000) CAA Q 1.000 (Q 1.000) CAA Q 1.000 (Q 1.000) CAA Q 1.000 (Q 1.000) CAA Q 1.000 (Q 1.000) CAA Q 1.000 (Q 1.000)
   9      1   AAG (K) AAG (K) AAG (K) AGG (R) CAG (Q) CAG (Q) GAT (D) GAT (D) AAG (K) AAG (K) AAG (K) AAG (K) AAG (K) AAG (K) AAG (K) AAG (K) AGG (R) --- (-) AAG (K) --- (-) AAG (K) AAG (K) AAG (K) :  AAG K 0.993 (K 0.996) AAG K 0.999 (K 0.999) AAG K 0.996 (K 0.996) AGG R 0.875 (R 0.876) AAG K 1.000 (K 1.000) AAG K 1.000 (K 1.000) AAG K 1.000 (K 1.000) AAG K 1.000 (K 1.000) AAG K 1.000 (K 1.000) AAG K 1.000 (K 1.000) AAG K 1.000 (K 1.000) AAG K 1.000 (K 1.000) AAG K 1.000 (K 1.000) AAG K 1.000 (K 1.000) AAG K 1.000 (K 1.000) AAG K 1.000 (K 1.000) CAG Q 1.000 (Q 1.000) AAG K 1.000 (K 1.000) AAG K 1.000 (K 1.000) AAG K 1.000 (K 1.000) AAG K 0.984 (K 0.985) GAT D 0.993 (D 0.993)
  10      1   GAG (E) GAG (E) GAG (E) GAG (E) GAG (E) GAG (E) GAG (E) GAG (E) GAG (E) GAG (E) CAG (Q) CAG (Q) GAG (E) GAG (E) GAG (E) GAG (E) GAG (E) --- (-) GAG (E) --- (-) GAG (E) GAG (E) GAG (E) :  GAG E 0.996 (E 0.998) GAG E 1.000 (E 1.000) GAG E 1.000 (E 1.000) GAG E 1.000 (E 1.000) GAG E 1.000 (E 1.000) GAG E 1.000 (E 1.000) GAG E 1.000 (E 1.000) GAG E 0.995 (E 0.995) GAG E 0.904 (E 0.904) GAG E 0.901 (E 0.901) GAG E 1.000 (E 1.000) GAG E 1.000 (E 1.000) GAG E 1.000 (E 1.000) GAG E 1.000 (E 1.000) GAG E 1.000 (E 1.000) GAG E 1.000 (E 1.000) GAG E 1.000 (E 1.000) GAG E 1.000 (E 1.000) GAG E 1.000 (E 1.000) GAG E 1.000 (E 1.000) GAG E 1.000 (E 1.000) GAG E 1.000 (E 1.000)
  11      1   ATT (I) ATT (I) ATT (I) ATT (I) ATT (I) ATT (I) ATT (I) ATT (I) ATT (I) ATT (I) ATT (I) ATT (I) ATT (I) ATT (I) ATT (I) ATT (I) ATT (I) --- (-) ATT (I) --- (-) ATT (I) ATT (I) ATT (I) :  ATT I 0.997 (I 1.000) ATT I 1.000 (I 1.000) ATT I 1.000 (I 1.000) ATT I 1.000 (I 1.000) ATT I 1.000 (I 1.000) ATT I 1.000 (I 1.000) ATT I 1.000 (I 1.000) ATT I 1.000 (I 1.000) ATT I 1.000 (I 1.000) ATT I 1.000 (I 1.000) ATT I 1.000 (I 1.000) ATT I 1.000 (I 1.000) ATT I 1.000 (I 1.000) ATT I 1.000 (I 1.000) ATT I 1.000 (I 1.000) ATT I 1.000 (I 1.000) ATT I 1.000 (I 1.000) ATT I 1.000 (I 1.000) ATT I 1.000 (I 1.000) ATT I 1.000 (I 1.000) ATT I 1.000 (I 1.000) ATT I 1.000 (I 1.000)
  12      1   GTT (V) GTT (V) GTT (V) GTT (V) GTT (V) GTT (V) GTT (V) GTT (V) GTT (V) GTT (V) GTT (V) GTT (V) GTT (V) GTT (V) GTT (V) GTT (V) GTT (V) --- (-) GTT (V) --- (-) GTT (V) GTT (V) GTT (V) :  GTT V 0.997 (V 1.000) GTT V 1.000 (V 1.000) GTT V 1.000 (V 1.000) GTT V 1.000 (V 1.000) GTT V 1.000 (V 1.000) GTT V 1.000 (V 1.000) GTT V 1.000 (V 1.000) GTT V 1.000 (V 1.000) GTT V 1.000 (V 1.000) GTT V 1.000 (V 1.000) GTT V 1.000 (V 1.000) GTT V 1.000 (V 1.000) GTT V 1.000 (V 1.000) GTT V 1.000 (V 1.000) GTT V 1.000 (V 1.000) GTT V 1.000 (V 1.000) GTT V 1.000 (V 1.000) GTT V 1.000 (V 1.000) GTT V 1.000 (V 1.000) GTT V 1.000 (V 1.000) GTT V 1.000 (V 1.000) GTT V 1.000 (V 1.000)
  13      1   GAC (D) GAC (D) GAC (D) GGC (G) AAC (N) AAC (N) AAC (N) AAC (N) GAC (D) GAC (D) GAC (D) GAC (D) GAC (D) GAC (D) GAC (D) GAC (D) GAA (E) --- (-) GAC (D) --- (-) GAC (D) GAC (D) GAC (D) :  GAC D 0.987 (D 0.991) GAC D 1.000 (D 1.000) GAC D 0.997 (D 0.997) GAA E 0.871 (E 0.873) GAC D 1.000 (D 1.000) GAC D 1.000 (D 1.000) GAC D 1.000 (D 1.000) GAC D 1.000 (D 1.000) GAC D 1.000 (D 1.000) GAC D 1.000 (D 1.000) GAC D 1.000 (D 1.000) GAC D 1.000 (D 1.000) GAC D 1.000 (D 1.000) GAC D 1.000 (D 1.000) GAC D 0.997 (D 0.997) GAC D 0.997 (D 0.997) AAC N 1.000 (N 1.000) GAC D 1.000 (D 1.000) GAC D 1.000 (D 1.000) GAC D 0.997 (D 0.997) GAC D 0.986 (D 0.986) AAC N 0.998 (N 0.998)
  14      1   TTG (L) TTG (L) TTG (L) ATG (M) ATA (I) ATA (I) ATG (M) ATG (M) TTG (L) AAG (K) AAG (K) AAG (K) AAG (K) AAG (K) AAG (K) AAG (K) AAG (K) --- (-) AAG (K) --- (-) AAG (K) AAG (K) AAG (K) :  ATG M 0.568 (M 0.568) AAG K 0.999 (K 0.999) AAG K 1.000 (K 1.000) AAG K 1.000 (K 1.000) AAG K 1.000 (K 1.000) AAG K 1.000 (K 1.000) AAG K 1.000 (K 1.000) AAG K 1.000 (K 1.000) AAG K 1.000 (K 1.000) AAG K 1.000 (K 1.000) AAG K 1.000 (K 1.000) AAG K 1.000 (K 1.000) AAG K 1.000 (K 1.000) AAG K 1.000 (K 1.000) ATG M 0.997 (M 0.997) ATG M 0.997 (M 0.997) ATA I 1.000 (I 1.000) TTG L 0.998 (L 0.998) TTG L 1.000 (L 1.000) ATG M 0.997 (M 0.997) ATG M 1.000 (M 1.000) ATG M 1.000 (M 1.000)
  15      1   CAC (H) CAC (H) CAC (H) CAC (H) CAC (H) CAC (H) CAC (H) CAC (H) CAC (H) CAC (H) CAC (H) CAC (H) CAC (H) CAC (H) CAC (H) CAC (H) CAC (H) --- (-) CAC (H) --- (-) CAC (H) CAC (H) CAC (H) :  CAC H 0.998 (H 1.000) CAC H 1.000 (H 1.000) CAC H 1.000 (H 1.000) CAC H 1.000 (H 1.000) CAC H 1.000 (H 1.000) CAC H 1.000 (H 1.000) CAC H 1.000 (H 1.000) CAC H 1.000 (H 1.000) CAC H 1.000 (H 1.000) CAC H 1.000 (H 1.000) CAC H 1.000 (H 1.000) CAC H 1.000 (H 1.000) CAC H 1.000 (H 1.000) CAC H 1.000 (H 1.000) CAC H 1.000 (H 1.000) CAC H 1.000 (H 1.000) CAC H 1.000 (H 1.000) CAC H 1.000 (H 1.000) CAC H 1.000 (H 1.000) CAC H 1.000 (H 1.000) CAC H 1.000 (H 1.000) CAC H 1.000 (H 1.000)
  16      1   AAT (N) AAT (N) AAT (N) AAT (N) AAT (N) AAT (N) AAT (N) AAT (N) AAT (N) AAT (N) AAT (N) AAT (N) AAT (N) AAT (N) AAT (N) AAT (N) AAT (N) --- (-) AAT (N) --- (-) AAT (N) AAT (N) AAT (N) :  AAT N 0.996 (N 1.000) AAT N 1.000 (N 1.000) AAT N 1.000 (N 1.000) AAT N 1.000 (N 1.000) AAT N 1.000 (N 1.000) AAT N 1.000 (N 1.000) AAT N 1.000 (N 1.000) AAT N 1.000 (N 1.000) AAT N 1.000 (N 1.000) AAT N 1.000 (N 1.000) AAT N 1.000 (N 1.000) AAT N 1.000 (N 1.000) AAT N 1.000 (N 1.000) AAT N 1.000 (N 1.000) AAT N 1.000 (N 1.000) AAT N 1.000 (N 1.000) AAT N 1.000 (N 1.000) AAT N 1.000 (N 1.000) AAT N 1.000 (N 1.000) AAT N 1.000 (N 1.000) AAT N 1.000 (N 1.000) AAT N 1.000 (N 1.000)
  17      1   TCT (S) TCT (S) TCT (S) TCT (S) TCT (S) TCT (S) TCT (S) TCT (S) TCT (S) GCT (A) GCT (A) GCT (A) GCT (A) GCT (A) GCT (A) GCT (A) GCT (A) --- (-) GCT (A) --- (-) GAT (D) GAT (D) GAT (D) :  TCT S 0.538 (S 0.541) GCT A 0.998 (A 0.998) GCT A 1.000 (A 1.000) GCT A 0.999 (A 0.999) GCT A 1.000 (A 1.000) GCT A 1.000 (A 1.000) GCT A 1.000 (A 1.000) GCT A 1.000 (A 1.000) GCT A 1.000 (A 1.000) GCT A 1.000 (A 1.000) GCT A 0.990 (A 0.990) GCT A 0.999 (A 0.999) GAT D 1.000 (D 1.000) GAT D 1.000 (D 1.000) TCT S 1.000 (S 1.000) TCT S 1.000 (S 1.000) TCT S 1.000 (S 1.000) TCT S 1.000 (S 1.000) TCT S 1.000 (S 1.000) TCT S 1.000 (S 1.000) TCT S 1.000 (S 1.000) TCT S 1.000 (S 1.000)
  18      1   TTA (L) TTA (L) TTA (L) TTC (F) TTT (F) TTT (F) TTG (L) TTG (L) TTA (L) TTA (L) TTA (L) TTA (L) TTA (L) TTA (L) TTA (L) TTA (L) TTA (L) --- (-) TTA (L) --- (-) TTA (L) TTA (L) TTA (L) :  TTA L 0.989 (L 0.994) TTA L 1.000 (L 1.000) TTA L 1.000 (L 1.000) TTA L 1.000 (L 1.000) TTA L 1.000 (L 1.000) TTA L 1.000 (L 1.000) TTA L 1.000 (L 1.000) TTA L 1.000 (L 1.000) TTA L 1.000 (L 1.000) TTA L 1.000 (L 1.000) TTA L 1.000 (L 1.000) TTA L 1.000 (L 1.000) TTA L 1.000 (L 1.000) TTA L 1.000 (L 1.000) TTA L 0.993 (L 0.997) TTA L 0.993 (L 0.997) TTT F 1.000 (F 1.000) TTA L 1.000 (L 1.000) TTA L 1.000 (L 1.000) TTA L 0.993 (L 0.997) TTA L 0.829 (L 0.923) TTG L 0.999 (L 1.000)
  19      1   AGG (R) AGG (R) AGG (R) AGG (R) AGG (R) AGG (R) AGG (R) AGG (R) AGG (R) AGG (R) AGG (R) AGG (R) AGG (R) AGG (R) AGG (R) AGG (R) AGA (R) --- (-) AGG (R) --- (-) AGG (R) AGG (R) AGG (R) :  AGG R 0.998 (R 1.000) AGG R 1.000 (R 1.000) AGG R 0.997 (R 1.000) AGA R 0.876 (R 1.000) AGG R 1.000 (R 1.000) AGG R 1.000 (R 1.000) AGG R 1.000 (R 1.000) AGG R 1.000 (R 1.000) AGG R 1.000 (R 1.000) AGG R 1.000 (R 1.000) AGG R 1.000 (R 1.000) AGG R 1.000 (R 1.000) AGG R 1.000 (R 1.000) AGG R 1.000 (R 1.000) AGG R 1.000 (R 1.000) AGG R 1.000 (R 1.000) AGG R 1.000 (R 1.000) AGG R 1.000 (R 1.000) AGG R 1.000 (R 1.000) AGG R 1.000 (R 1.000) AGG R 1.000 (R 1.000) AGG R 1.000 (R 1.000)
  20      1   AGA (R) AGA (R) AGA (R) AGA (R) AGA (R) AGA (R) AGA (R) AGA (R) AGA (R) AGA (R) AGA (R) AGA (R) AGA (R) AGA (R) AGA (R) AGA (R) AGA (R) --- (-) AGA (R) --- (-) AGA (R) AGA (R) AGA (R) :  AGA R 0.997 (R 1.000) AGA R 1.000 (R 1.000) AGA R 1.000 (R 1.000) AGA R 1.000 (R 1.000) AGA R 1.000 (R 1.000) AGA R 1.000 (R 1.000) AGA R 1.000 (R 1.000) AGA R 1.000 (R 1.000) AGA R 1.000 (R 1.000) AGA R 1.000 (R 1.000) AGA R 1.000 (R 1.000) AGA R 1.000 (R 1.000) AGA R 1.000 (R 1.000) AGA R 1.000 (R 1.000) AGA R 1.000 (R 1.000) AGA R 1.000 (R 1.000) AGA R 1.000 (R 1.000) AGA R 1.000 (R 1.000) AGA R 1.000 (R 1.000) AGA R 1.000 (R 1.000) AGA R 1.000 (R 1.000) AGA R 1.000 (R 1.000)
  21      1   AGA (R) TCA (S) TCA (S) TCC (S) TCT (S) TCT (S) TCA (S) TCA (S) TCT (S) TCA (S) TCA (S) TCA (S) TCA (S) TCA (S) TCA (S) TCA (S) TCA (S) --- (-) TCA (S) --- (-) TCA (S) TCA (S) TCA (S) :  TCA S 0.966 (S 0.998) TCA S 1.000 (S 1.000) TCA S 1.000 (S 1.000) TCA S 1.000 (S 1.000) TCA S 1.000 (S 1.000) TCA S 1.000 (S 1.000) TCA S 1.000 (S 1.000) TCA S 1.000 (S 1.000) TCA S 1.000 (S 1.000) TCA S 1.000 (S 1.000) TCA S 1.000 (S 1.000) TCA S 1.000 (S 1.000) TCA S 1.000 (S 1.000) TCA S 1.000 (S 1.000) TCA S 0.951 (S 1.000) TCA S 0.951 (S 1.000) TCT S 1.000 (S 1.000) TCA S 0.994 (S 0.994) TCA S 1.000 (S 1.000) TCA S 0.951 (S 1.000) TCA S 0.946 (S 1.000) TCA S 1.000 (S 1.000)
  22      1   GTG (V) GTG (V) GTG (V) GTG (V) GTG (V) GTG (V) GTG (V) GTG (V) GTG (V) GTG (V) GTG (V) GTG (V) GTG (V) GTG (V) GTG (V) GTG (V) GTG (V) --- (-) GTG (V) --- (-) GTG (V) GTG (V) GTG (V) :  GTG V 0.998 (V 1.000) GTG V 1.000 (V 1.000) GTG V 1.000 (V 1.000) GTG V 1.000 (V 1.000) GTG V 1.000 (V 1.000) GTG V 1.000 (V 1.000) GTG V 1.000 (V 1.000) GTG V 1.000 (V 1.000) GTG V 1.000 (V 1.000) GTG V 1.000 (V 1.000) GTG V 1.000 (V 1.000) GTG V 1.000 (V 1.000) GTG V 1.000 (V 1.000) GTG V 1.000 (V 1.000) GTG V 1.000 (V 1.000) GTG V 1.000 (V 1.000) GTG V 1.000 (V 1.000) GTG V 1.000 (V 1.000) GTG V 1.000 (V 1.000) GTG V 1.000 (V 1.000) GTG V 1.000 (V 1.000) GTG V 1.000 (V 1.000)
  23      1   AGT (S) AGT (S) AGT (S) AGT (S) AGA (R) AGA (R) AGT (S) AGT (S) AGT (S) AGA (R) AGA (R) AAA (K) AGA (R) AGA (R) AGA (R) AGA (R) AGA (R) --- (-) AAA (K) --- (-) AAA (K) AAA (K) AAA (K) :  AGT S 0.518 (S 0.536) AGA R 0.999 (R 0.999) AGA R 1.000 (R 1.000) AGA R 0.999 (R 1.000) AGA R 1.000 (R 1.000) AGA R 1.000 (R 1.000) AGA R 1.000 (R 1.000) AGA R 0.999 (R 0.999) AGA R 0.995 (R 0.995) AAA K 0.948 (K 0.948) AAA K 0.999 (K 0.999) AAA K 1.000 (K 1.000) AAA K 1.000 (K 1.000) AAA K 1.000 (K 1.000) AGT S 0.993 (S 0.993) AGT S 0.993 (S 0.993) AGA R 1.000 (R 1.000) AGT S 1.000 (S 1.000) AGT S 1.000 (S 1.000) AGT S 0.993 (S 0.993) AGT S 0.998 (S 0.998) AGT S 1.000 (S 1.000)
  24      1   CCC (P) CCA (P) CCA (P) CCA (P) CCA (P) CCA (P) CCA (P) CCA (P) CCA (P) CCA (P) CCA (P) CCA (P) CCA (P) CCA (P) CCA (P) CCA (P) CCA (P) --- (-) CCA (P) --- (-) CCA (P) CCA (P) CCA (P) :  CCA P 0.998 (P 1.000) CCA P 1.000 (P 1.000) CCA P 1.000 (P 1.000) CCA P 1.000 (P 1.000) CCA P 1.000 (P 1.000) CCA P 1.000 (P 1.000) CCA P 1.000 (P 1.000) CCA P 1.000 (P 1.000) CCA P 1.000 (P 1.000) CCA P 1.000 (P 1.000) CCA P 1.000 (P 1.000) CCA P 1.000 (P 1.000) CCA P 1.000 (P 1.000) CCA P 1.000 (P 1.000) CCA P 1.000 (P 1.000) CCA P 1.000 (P 1.000) CCA P 1.000 (P 1.000) CCA P 0.992 (P 1.000) CCA P 1.000 (P 1.000) CCA P 1.000 (P 1.000) CCA P 1.000 (P 1.000) CCA P 1.000 (P 1.000)
  25      1   ACT (T) ACT (T) ACT (T) ACT (T) ACT (T) ACT (T) ACA (T) ACA (T) ACT (T) ACT (T) ACT (T) ACT (T) ACT (T) ACT (T) ACT (T) ACT (T) ACT (T) --- (-) ACT (T) --- (-) ACT (T) ACT (T) ACT (T) :  ACT T 0.995 (T 1.000) ACT T 1.000 (T 1.000) ACT T 1.000 (T 1.000) ACT T 1.000 (T 1.000) ACT T 1.000 (T 1.000) ACT T 1.000 (T 1.000) ACT T 1.000 (T 1.000) ACT T 1.000 (T 1.000) ACT T 1.000 (T 1.000) ACT T 1.000 (T 1.000) ACT T 1.000 (T 1.000) ACT T 1.000 (T 1.000) ACT T 1.000 (T 1.000) ACT T 1.000 (T 1.000) ACT T 1.000 (T 1.000) ACT T 1.000 (T 1.000) ACT T 1.000 (T 1.000) ACT T 1.000 (T 1.000) ACT T 1.000 (T 1.000) ACT T 1.000 (T 1.000) ACT T 0.996 (T 1.000) ACA T 0.999 (T 1.000)
  26      1   GCT (A) GCT (A) GCT (A) GCC (A) GCT (A) GCT (A) GCT (A) GCT (A) GCT (A) GCT (A) GCC (A) GCT (A) GCT (A) GCT (A) GCT (A) GCT (A) GCT (A) --- (-) GCT (A) --- (-) GCT (A) GCT (A) GCT (A) :  GCT A 0.994 (A 1.000) GCT A 1.000 (A 1.000) GCT A 1.000 (A 1.000) GCT A 1.000 (A 1.000) GCT A 1.000 (A 1.000) GCT A 1.000 (A 1.000) GCT A 1.000 (A 1.000) GCT A 1.000 (A 1.000) GCT A 0.999 (A 1.000) GCT A 1.000 (A 1.000) GCT A 1.000 (A 1.000) GCT A 1.000 (A 1.000) GCT A 1.000 (A 1.000) GCT A 1.000 (A 1.000) GCT A 1.000 (A 1.000) GCT A 1.000 (A 1.000) GCT A 1.000 (A 1.000) GCT A 1.000 (A 1.000) GCT A 1.000 (A 1.000) GCT A 1.000 (A 1.000) GCT A 0.985 (A 1.000) GCT A 1.000 (A 1.000)
  27      1   AGC (S) AGC (S) AGC (S) AGC (S) CGC (R) CGC (R) AGC (S) AGC (S) ACC (T) AGG (R) AGG (R) AGG (R) AGG (R) AGG (R) AGG (R) AGG (R) AGC (S) --- (-) AGG (R) --- (-) AGG (R) AGG (R) AGG (R) :  AGC S 0.564 (S 0.593) AGG R 0.927 (R 0.927) AGG R 0.926 (R 0.926) AGC S 0.879 (S 0.884) AGG R 1.000 (R 1.000) AGG R 1.000 (R 1.000) AGG R 1.000 (R 1.000) AGG R 1.000 (R 1.000) AGG R 1.000 (R 1.000) AGG R 1.000 (R 1.000) AGG R 1.000 (R 1.000) AGG R 1.000 (R 1.000) AGG R 1.000 (R 1.000) AGG R 1.000 (R 1.000) AGC S 1.000 (S 1.000) AGC S 1.000 (S 1.000) CGC R 1.000 (R 1.000) AGC S 1.000 (S 1.000) AGC S 1.000 (S 1.000) AGC S 1.000 (S 1.000) AGC S 1.000 (S 1.000) AGC S 1.000 (S 1.000)
  28      1   AAC (N) AAC (N) AAC (N) AAC (N) AAC (N) AAC (N) AAC (N) AAC (N) AAC (N) AAC (N) AAC (N) AAC (N) AAC (N) AAC (N) AAC (N) AAC (N) AAC (N) --- (-) AAC (N) --- (-) AAC (N) AAC (N) AAC (N) :  AAC N 0.996 (N 1.000) AAC N 1.000 (N 1.000) AAC N 1.000 (N 1.000) AAC N 1.000 (N 1.000) AAC N 1.000 (N 1.000) AAC N 1.000 (N 1.000) AAC N 1.000 (N 1.000) AAC N 1.000 (N 1.000) AAC N 1.000 (N 1.000) AAC N 1.000 (N 1.000) AAC N 1.000 (N 1.000) AAC N 1.000 (N 1.000) AAC N 1.000 (N 1.000) AAC N 1.000 (N 1.000) AAC N 1.000 (N 1.000) AAC N 1.000 (N 1.000) AAC N 1.000 (N 1.000) AAC N 1.000 (N 1.000) AAC N 1.000 (N 1.000) AAC N 1.000 (N 1.000) AAC N 1.000 (N 1.000) AAC N 1.000 (N 1.000)
  29      2   ATG (M) ATG (M) ATG (M) ATG (M) ATG (M) ATG (M) ATG (M) ATG (M) ATG (M) ATG (M) ATG (M) ATG (M) ATG (M) ATG (M) ATG (M) ATG (M) ATG (M) --- (-) ATG (M) --- (-) ATG (M) ATG (M) ATG (M) :  ATG M 1.000 (M 1.000) ATG M 1.000 (M 1.000) ATG M 1.000 (M 1.000) ATG M 1.000 (M 1.000) ATG M 1.000 (M 1.000) ATG M 1.000 (M 1.000) ATG M 1.000 (M 1.000) ATG M 1.000 (M 1.000) ATG M 1.000 (M 1.000) ATG M 1.000 (M 1.000) ATG M 1.000 (M 1.000) ATG M 1.000 (M 1.000) ATG M 1.000 (M 1.000) ATG M 1.000 (M 1.000) ATG M 1.000 (M 1.000) ATG M 1.000 (M 1.000) ATG M 1.000 (M 1.000) ATG M 1.000 (M 1.000) ATG M 1.000 (M 1.000) ATG M 1.000 (M 1.000) ATG M 1.000 (M 1.000) ATG M 1.000 (M 1.000)
